id,antelope_duiker,bird,blank,civet_genet,hog,leopard,monkey_prosimian,rodent
ZJ016488,0.14772148,0.11879613,0.14734633,0.14476539,0.07055471,0.12322959,0.1267872,0.12079917
ZJ016489,0.14772263,0.1188018,0.14734893,0.1447737,0.07055486,0.12322133,0.1267831,0.120793656
ZJ016490,0.14772482,0.1187949,0.14734747,0.14476906,0.07055539,0.123227365,0.1267872,0.12079378
ZJ016491,0.14771892,0.118798904,0.14734982,0.1447693,0.070555896,0.12322557,0.12678823,0.120793335
ZJ016492,0.14771947,0.11879786,0.1473523,0.14476533,0.0705579,0.12322515,0.12678973,0.120792285
ZJ016493,0.14772075,0.11880464,0.14735441,0.1447679,0.07055662,0.12322362,0.12677862,0.12079343
ZJ016494,0.14771895,0.11880211,0.14735313,0.14476363,0.07055815,0.123227775,0.12678602,0.12079022
ZJ016495,0.14772291,0.11880339,0.1473573,0.14477013,0.070545934,0.12322988,0.12678407,0.120786354
ZJ016496,0.14771764,0.118799955,0.1473474,0.14477828,0.07055404,0.1232245,0.1267864,0.12079182
ZJ016497,0.14772037,0.118808426,0.14735655,0.14477387,0.070546426,0.1232278,0.1267813,0.120785244
ZJ016498,0.14771874,0.11879199,0.14734983,0.14476684,0.07055872,0.12322825,0.12678935,0.12079628
ZJ016499,0.14771654,0.11880102,0.14735548,0.1447685,0.070551775,0.123234,0.1267851,0.12078757
ZJ016500,0.14772332,0.11879247,0.14734256,0.14477287,0.07055313,0.1232257,0.12679267,0.1207973
ZJ016501,0.14772314,0.11879755,0.14734548,0.14476965,0.070560135,0.123225674,0.12678292,0.12079547
ZJ016502,0.1477214,0.11879583,0.14734438,0.14476557,0.07055944,0.1232274,0.1267886,0.12079743
ZJ016503,0.14772296,0.118800476,0.14735156,0.14476313,0.07055127,0.12322779,0.12678589,0.12079692
ZJ016504,0.14772536,0.11879781,0.14735146,0.14476834,0.070548564,0.1232264,0.12678699,0.120795034
ZJ016505,0.14772359,0.11879967,0.1473506,0.14477059,0.07054971,0.12322973,0.12678231,0.120793864
ZJ016506,0.14772019,0.11879727,0.14735334,0.14476125,0.07055812,0.12322869,0.12678848,0.12079263
ZJ016507,0.14771955,0.11880482,0.14735574,0.14477375,0.07054804,0.12322844,0.12678169,0.12078799
ZJ016508,0.14772588,0.118793614,0.1473467,0.14476523,0.070554346,0.12322755,0.12678872,0.120797954
ZJ016509,0.14772569,0.118789665,0.14734852,0.1447711,0.07054974,0.12322837,0.12679338,0.12079352
ZJ016510,0.14771792,0.11879989,0.14734611,0.14477517,0.07055395,0.123224124,0.12679078,0.120792076
ZJ016511,0.14771955,0.11879577,0.1473482,0.14477043,0.07055497,0.123227865,0.1267876,0.12079566
ZJ016512,0.14772254,0.118802354,0.14735343,0.14475864,0.07056054,0.12322794,0.12678054,0.120794
ZJ016513,0.14772326,0.11880203,0.14735049,0.14477418,0.07055322,0.12322153,0.12678203,0.12079327
ZJ016514,0.14772102,0.11879153,0.14734694,0.14476782,0.07055487,0.123225264,0.12679599,0.120796576
ZJ016515,0.14772369,0.11879858,0.14735535,0.14476928,0.07054669,0.12323099,0.1267882,0.1207872
ZJ016516,0.14772102,0.118794344,0.1473485,0.14476296,0.070559345,0.12323128,0.12678328,0.12079931
ZJ016517,0.14772601,0.11880011,0.14735267,0.14476752,0.07054504,0.123229206,0.12678848,0.12079097
ZJ016518,0.14772023,0.118788734,0.14735186,0.14476696,0.070555024,0.123226926,0.12679353,0.12079673
ZJ016519,0.1477245,0.11880115,0.14735402,0.14477026,0.070545934,0.12322763,0.1267849,0.12079157
ZJ016520,0.14772344,0.118791215,0.14734241,0.14476626,0.07055797,0.12322663,0.12679346,0.12079858
ZJ016521,0.14772311,0.118800364,0.14735644,0.14476086,0.0705559,0.12323105,0.12678303,0.1207892
ZJ016522,0.14772215,0.118796505,0.14734997,0.14476818,0.07055026,0.12322723,0.1267913,0.12079438
ZJ016523,0.1477184,0.1188061,0.14734794,0.14477107,0.070555575,0.123224296,0.12678495,0.12079172
ZJ016524,0.14772551,0.11879261,0.14734603,0.14477056,0.070552334,0.1232251,0.12678957,0.1207983
ZJ016525,0.14772516,0.118805625,0.14735681,0.14476986,0.07054868,0.123226754,0.12677729,0.12078984
ZJ016526,0.14771771,0.11880357,0.14735115,0.14477332,0.07055523,0.12322495,0.12678535,0.120788716
ZJ016527,0.1477211,0.11879669,0.14735426,0.14475796,0.07055787,0.123230144,0.1267828,0.12079918
ZJ016528,0.14772454,0.11878808,0.14735053,0.14476088,0.0705518,0.12323202,0.12679866,0.12079353
ZJ016529,0.14772487,0.11880413,0.14735897,0.1447665,0.070544146,0.12323061,0.12678425,0.12078655
ZJ016530,0.14772071,0.11879777,0.14735733,0.14477304,0.070550635,0.12323473,0.12678012,0.120785676
ZJ016531,0.14772005,0.11880167,0.14735225,0.14476514,0.07055634,0.1232278,0.12678504,0.12079167
ZJ016532,0.14772461,0.11880029,0.14735459,0.14476164,0.07055497,0.12322827,0.12678534,0.12079026
ZJ016533,0.14772257,0.11879591,0.14735289,0.14477478,0.07054366,0.12322722,0.1267915,0.12079151
ZJ016534,0.14772375,0.11879073,0.14734429,0.14477174,0.0705527,0.12322703,0.1267917,0.12079809
ZJ016535,0.14772117,0.11879463,0.14735015,0.14475627,0.07056257,0.123229094,0.12678736,0.120798685
ZJ016536,0.14772572,0.118797764,0.14735217,0.14476763,0.07054752,0.12322902,0.12678765,0.12079256
ZJ016537,0.14771824,0.11879884,0.14735249,0.14477769,0.07055624,0.1232275,0.12678033,0.12078866
ZJ016538,0.14771967,0.11879521,0.1473513,0.14476594,0.070554115,0.12323159,0.1267906,0.12079161
ZJ016539,0.14771888,0.118798025,0.1473448,0.14477032,0.07056053,0.12322457,0.12678468,0.12079823
ZJ016540,0.147726,0.11879616,0.1473539,0.1447649,0.07054835,0.123230286,0.12679014,0.120790266
ZJ016541,0.14771943,0.11880342,0.14735626,0.14477153,0.07054976,0.123228446,0.12678389,0.12078722
ZJ016542,0.14772013,0.118792884,0.1473466,0.1447683,0.07055588,0.12322474,0.12679313,0.120798305
ZJ016543,0.14772344,0.11879751,0.14734636,0.14476454,0.07055787,0.12322635,0.12678842,0.120795526
ZJ016544,0.14772588,0.118795805,0.14735152,0.14477059,0.07054779,0.1232273,0.12678844,0.120792665
ZJ016545,0.14772105,0.11880311,0.14735286,0.14477327,0.07054754,0.12322716,0.12678707,0.12078795
ZJ016546,0.14772536,0.11879854,0.14735545,0.14477131,0.0705484,0.123227626,0.12677926,0.120794
ZJ016547,0.14772509,0.118796654,0.1473496,0.1447646,0.070551954,0.12323042,0.12678552,0.12079615
ZJ016548,0.14772563,0.118797936,0.14735103,0.14476058,0.0705536,0.123227626,0.12679006,0.12079356
ZJ016549,0.14772391,0.1187975,0.14735124,0.14476281,0.07055538,0.1232287,0.12678756,0.12079286
ZJ016550,0.14772251,0.11879882,0.14735211,0.14476505,0.070556134,0.12322826,0.1267856,0.1207915
ZJ016551,0.14771727,0.11879818,0.14735098,0.14476298,0.070560895,0.12322832,0.12678789,0.120793454
ZJ016552,0.14772205,0.11880236,0.14735574,0.14475599,0.07056197,0.123228475,0.12678228,0.120791174
ZJ016553,0.14771771,0.1187985,0.14735545,0.1447572,0.07056427,0.12322958,0.12678595,0.12079136
ZJ016554,0.14772312,0.11879111,0.14735088,0.14476706,0.07054955,0.123232,0.12679356,0.12079273
ZJ016555,0.14772077,0.11879134,0.1473447,0.14477548,0.07055612,0.12322537,0.12679212,0.12079415
ZJ016556,0.1477143,0.11880011,0.14734875,0.1447737,0.07055688,0.12322972,0.12678567,0.12079083
ZJ016557,0.14772144,0.11879925,0.1473489,0.14476971,0.07055737,0.12322353,0.12678675,0.12079308
ZJ016558,0.14771886,0.11879941,0.14734592,0.14477077,0.07055843,0.1232257,0.12678519,0.120795764
ZJ016559,0.1477177,0.118807584,0.14735103,0.1447743,0.0705578,0.123223975,0.12677872,0.12078883
ZJ016560,0.14772092,0.11880655,0.1473627,0.14476004,0.07054836,0.123234004,0.12678291,0.12078453
ZJ016561,0.14772692,0.11878884,0.14735022,0.1447525,0.07055884,0.12323265,0.12679607,0.12079395
ZJ016562,0.14772095,0.11880411,0.14735147,0.14476152,0.07055871,0.12322616,0.1267813,0.12079581
ZJ016563,0.14772154,0.1188016,0.14735053,0.1447699,0.07055349,0.12322751,0.12678385,0.12079152
ZJ016564,0.14772299,0.11880453,0.1473513,0.14476958,0.070553735,0.12322174,0.12678172,0.12079446
ZJ016565,0.14772138,0.1188059,0.14735204,0.14476769,0.070552684,0.12322935,0.12678193,0.12078905
ZJ016566,0.14772496,0.11879316,0.14735395,0.14475311,0.07056093,0.12322973,0.12679097,0.120793216
ZJ016567,0.14772107,0.11879519,0.14734857,0.14477651,0.07055507,0.1232228,0.12678519,0.12079561
ZJ016568,0.14771995,0.118803866,0.14735644,0.14477201,0.07055369,0.12322549,0.12678206,0.12078648
ZJ016569,0.1477225,0.11879194,0.14735055,0.14476964,0.0705564,0.12322684,0.12678893,0.12079319
ZJ016570,0.14772323,0.118797004,0.14735284,0.14476572,0.07055224,0.12322911,0.1267906,0.120789245
ZJ016571,0.14771697,0.11880457,0.14735045,0.1447661,0.07055305,0.12322762,0.12678996,0.12079127
ZJ016572,0.14771912,0.11879263,0.14735034,0.14476609,0.070558906,0.123232864,0.12678842,0.12079161
ZJ016573,0.14772458,0.1187913,0.14734526,0.14476782,0.0705544,0.1232248,0.12679039,0.12080142
ZJ016574,0.1477216,0.118787564,0.1473485,0.14476489,0.07055637,0.12322961,0.12679397,0.1207975
ZJ016575,0.14771995,0.118797526,0.14735168,0.14476435,0.07055076,0.12323201,0.12679513,0.12078859
ZJ016576,0.14773029,0.11878749,0.14734517,0.1447659,0.07055408,0.12322719,0.12678915,0.12080074
ZJ016577,0.14772056,0.118795075,0.14734527,0.14477345,0.07055629,0.12322433,0.12678927,0.12079573
ZJ016578,0.14772034,0.11879841,0.14735359,0.14477064,0.070554845,0.12322161,0.12678435,0.1207962
ZJ016579,0.14771801,0.11879287,0.14735158,0.144772,0.07055476,0.12322943,0.12678936,0.12079197
ZJ016580,0.14772259,0.118801326,0.14734945,0.14477421,0.07055317,0.123220995,0.12678503,0.120793186
ZJ016581,0.14772944,0.11879701,0.1473513,0.14476734,0.07054634,0.12322701,0.12678953,0.12079207
ZJ016582,0.1477242,0.11878496,0.14735073,0.14476426,0.07055677,0.123227894,0.12679654,0.12079467
ZJ016583,0.14771834,0.118800156,0.14734975,0.14477491,0.070554644,0.1232225,0.12678774,0.12079202
ZJ016584,0.14772086,0.11879641,0.1473481,0.144776,0.07055738,0.12322752,0.12677982,0.12079393
ZJ016585,0.14772499,0.118800946,0.14734933,0.14476335,0.07055076,0.12322701,0.1267883,0.12079532
ZJ016586,0.1477193,0.11879859,0.14734359,0.14477116,0.070556305,0.12322355,0.12678948,0.120798
ZJ016587,0.14772256,0.11879333,0.14735146,0.14476451,0.07055603,0.123224996,0.12679647,0.12079069
ZJ016588,0.14772524,0.11879634,0.14735092,0.14476375,0.070553735,0.12322693,0.12678728,0.120795794
ZJ016589,0.14772022,0.118799694,0.14735535,0.14475988,0.07055567,0.12323499,0.1267879,0.12078637
ZJ016590,0.14772286,0.11879815,0.14735457,0.1447661,0.07055429,0.123223335,0.12678824,0.120792456
ZJ016591,0.1477196,0.11880067,0.14734812,0.14476746,0.07055678,0.12322423,0.12678973,0.12079339
ZJ016592,0.14771797,0.1187985,0.14735141,0.14476296,0.07055862,0.12322952,0.12679046,0.12079053
ZJ016593,0.14772695,0.118790925,0.14734791,0.1447683,0.070550755,0.12323081,0.12678818,0.120796174
ZJ016594,0.1477204,0.11880303,0.14734977,0.1447722,0.07055306,0.12322338,0.1267864,0.12079177
ZJ016595,0.14772159,0.118797965,0.147354,0.14477007,0.07055018,0.123228036,0.12679005,0.12078807
ZJ016596,0.14772104,0.118798524,0.14735061,0.1447665,0.07055243,0.12323161,0.12679134,0.12078794
ZJ016597,0.1477199,0.118795745,0.14734833,0.14475586,0.070564896,0.12323011,0.12679218,0.120793045
ZJ016598,0.14772107,0.11879681,0.1473497,0.14476357,0.07055999,0.123229064,0.12678868,0.12079113
ZJ016599,0.14772215,0.11879916,0.14734933,0.14476542,0.07055396,0.123229966,0.12678817,0.12079185
ZJ016600,0.14772262,0.11879884,0.14735034,0.14476559,0.070558235,0.12322672,0.12678541,0.12079226
ZJ016601,0.14772367,0.118800394,0.1473482,0.14477876,0.07054695,0.12322518,0.12678371,0.12079319
ZJ016602,0.14772154,0.118801154,0.14735287,0.14476216,0.070555344,0.12322646,0.1267868,0.12079369
ZJ016603,0.14772236,0.118800744,0.1473525,0.14476363,0.070553154,0.123228304,0.12678765,0.1207917
ZJ016604,0.14772269,0.11879116,0.14734161,0.14476317,0.070558436,0.1232267,0.12679674,0.120799474
ZJ016605,0.14772075,0.118809834,0.14736345,0.14476757,0.070544004,0.12323077,0.12678064,0.120782964
ZJ016606,0.14772332,0.1187945,0.1473496,0.1447738,0.07054894,0.123228036,0.12678868,0.120793186
ZJ016607,0.14772207,0.11879609,0.14735065,0.14477374,0.07055174,0.12322394,0.12678704,0.120794706
ZJ016608,0.14772451,0.11879434,0.14734766,0.14476293,0.07055345,0.12322973,0.1267907,0.120796755
ZJ016609,0.14772265,0.118798584,0.14735088,0.14477514,0.070548415,0.1232278,0.12678504,0.120791554
ZJ016610,0.14772053,0.11879359,0.147347,0.14477298,0.070551336,0.12322697,0.12679508,0.120792486
ZJ016611,0.14772421,0.11880415,0.14736651,0.14476459,0.070542954,0.12323299,0.12678024,0.12078434
ZJ016612,0.14772242,0.118791685,0.14734654,0.14477128,0.07055265,0.123226255,0.12679465,0.12079457
ZJ016613,0.1477165,0.11879968,0.14735346,0.14476775,0.070557766,0.1232281,0.12678424,0.12079251
ZJ016614,0.14772265,0.11879449,0.1473504,0.14476946,0.07055002,0.12322836,0.1267927,0.12079194
ZJ016615,0.14772727,0.118792444,0.14735332,0.14476588,0.070547745,0.12323178,0.12679169,0.12078985
ZJ016616,0.14772049,0.11879625,0.14735599,0.14476013,0.07055459,0.12323102,0.1267912,0.120790295
ZJ016617,0.14772283,0.11880608,0.14735597,0.14476863,0.07055012,0.123229064,0.12677795,0.12078936
ZJ016618,0.14772211,0.11879808,0.14735173,0.14476383,0.0705558,0.12322694,0.12678558,0.120795995
ZJ016619,0.14771959,0.118794434,0.14734438,0.14477387,0.070557475,0.12322387,0.12678829,0.120798066
ZJ016620,0.14772241,0.11880274,0.14735006,0.14476885,0.07055333,0.12322453,0.12678376,0.12079433
ZJ016621,0.14771885,0.11879192,0.14734869,0.14476389,0.0705599,0.123229325,0.12679145,0.120795995
ZJ016622,0.14772248,0.118801996,0.1473524,0.14477749,0.070544854,0.12322897,0.12678409,0.12078768
ZJ016623,0.14772192,0.11879179,0.14734851,0.14476813,0.070553645,0.12322884,0.12679264,0.120794564
ZJ016624,0.14772516,0.11879556,0.14735685,0.14476933,0.070543304,0.12323119,0.12678966,0.12078895
ZJ016625,0.14771931,0.11880489,0.14735085,0.14476074,0.070559785,0.123226516,0.12678063,0.12079727
ZJ016626,0.14772058,0.11879721,0.14735596,0.1447706,0.07054789,0.12323103,0.12678902,0.12078765
ZJ016627,0.14772157,0.118799575,0.14734669,0.14476842,0.07055436,0.123229444,0.12678923,0.12079073
ZJ016628,0.1477227,0.118801475,0.14735389,0.14476842,0.07054713,0.12322932,0.12678754,0.12078947
ZJ016629,0.14772254,0.11879079,0.14735392,0.14477079,0.070548534,0.12322681,0.12679064,0.120795995
ZJ016630,0.1477258,0.118800394,0.14735869,0.14476761,0.07054606,0.12322946,0.1267834,0.12078855
ZJ016631,0.1477204,0.118800126,0.14735015,0.14476547,0.07055524,0.12322759,0.12678832,0.12079269
ZJ016632,0.14772125,0.11879303,0.14734842,0.14476305,0.07055821,0.12322978,0.12679379,0.12079247
ZJ016633,0.1477242,0.11879654,0.14734907,0.1447694,0.07054977,0.12322616,0.12679107,0.12079378
ZJ016634,0.14772059,0.118801236,0.14735267,0.14477602,0.07054676,0.123226635,0.12678489,0.12079118
ZJ016635,0.14772695,0.11879191,0.147354,0.144763,0.0705452,0.12323472,0.12679254,0.12079169
ZJ016636,0.14771837,0.11879445,0.14734589,0.14476667,0.07055973,0.12322518,0.12679246,0.120797284
ZJ016637,0.14772058,0.11880423,0.14735505,0.1447713,0.07054952,0.12322914,0.1267837,0.120786466
ZJ016638,0.14771864,0.1188032,0.14735289,0.1447627,0.07055754,0.12323081,0.12678583,0.12078839
ZJ016639,0.14772499,0.1187951,0.14734963,0.14476043,0.07055419,0.12322574,0.12679343,0.12079648
ZJ016640,0.14772357,0.11879255,0.14735292,0.14476998,0.07055145,0.123227455,0.12679023,0.120791845
ZJ016641,0.1477205,0.118800074,0.14734797,0.14476076,0.07055876,0.123227976,0.12679033,0.12079367
ZJ016642,0.14772238,0.118798405,0.14734633,0.14476624,0.070556186,0.12322602,0.12678705,0.12079742
ZJ016643,0.14772433,0.11879541,0.14735174,0.14476965,0.070551254,0.12322455,0.126788,0.120795056
ZJ016644,0.14772768,0.11879179,0.14734973,0.14477172,0.07054728,0.12322639,0.1267934,0.12079194
ZJ016645,0.14772142,0.11879844,0.14735013,0.14476936,0.07055332,0.1232261,0.12678765,0.12079358
ZJ016646,0.14772034,0.118801765,0.14735058,0.1447664,0.07055654,0.123227775,0.12678497,0.120791584
ZJ016647,0.14772332,0.11879563,0.14735056,0.1447641,0.07055675,0.12322691,0.1267842,0.12079858
ZJ016648,0.14772323,0.1187948,0.1473465,0.14476958,0.070555255,0.12322913,0.12678917,0.12079237
ZJ016649,0.14771976,0.11879696,0.14735152,0.14476438,0.07055939,0.12322886,0.12678434,0.1207948
ZJ016650,0.14771402,0.11881168,0.14735015,0.14478214,0.07055548,0.12322005,0.12677789,0.12078863
ZJ016651,0.1477195,0.11879865,0.14734772,0.14476824,0.07055798,0.12322874,0.12678447,0.120794676
ZJ016652,0.14771865,0.11880108,0.14735247,0.14475878,0.07056031,0.123231106,0.12678865,0.12078892
ZJ016653,0.14772648,0.118802726,0.14734979,0.14476754,0.070548624,0.123225845,0.12678696,0.120792046
ZJ016654,0.14771603,0.11879662,0.14734823,0.14477842,0.07055644,0.12322027,0.12678677,0.1207972
ZJ016655,0.1477242,0.11879842,0.14735651,0.14476852,0.07054849,0.123230144,0.12678574,0.120788
ZJ016656,0.14772184,0.11879555,0.14734988,0.1447716,0.0705544,0.123226926,0.1267861,0.12079373
ZJ016657,0.14772464,0.11880352,0.14735362,0.1447624,0.070551775,0.12322711,0.1267814,0.12079547
ZJ016658,0.14771985,0.11879798,0.14734657,0.14476752,0.07055715,0.123223945,0.12678996,0.12079706
ZJ016659,0.14772245,0.11880139,0.14735276,0.14477476,0.07055295,0.12322243,0.1267786,0.12079467
ZJ016660,0.14772089,0.11879794,0.14735575,0.14477031,0.07055489,0.123225644,0.12678306,0.120791495
ZJ016661,0.1477242,0.11880164,0.147347,0.14476946,0.07055326,0.123226136,0.12678412,0.1207942
ZJ016662,0.14772531,0.11879606,0.14735655,0.14477144,0.070543356,0.123231046,0.12678891,0.12078729
ZJ016663,0.14772551,0.11880208,0.14735709,0.14477195,0.070541345,0.12322796,0.12678675,0.12078729
ZJ016664,0.14771909,0.11879745,0.14734878,0.14477283,0.07054998,0.12322555,0.12678954,0.12079683
ZJ016665,0.14772022,0.11880151,0.14735335,0.14476223,0.070557766,0.12322822,0.12678523,0.1207915
ZJ016666,0.14772104,0.11879239,0.14734918,0.14476971,0.07055327,0.12323081,0.12679489,0.12078871
ZJ016667,0.14771986,0.118798666,0.14735556,0.14476472,0.070554726,0.12322804,0.1267893,0.12078909
ZJ016668,0.14772223,0.118795015,0.14734635,0.14477396,0.070551634,0.12322452,0.1267943,0.120792
ZJ016669,0.14772317,0.118808836,0.14735699,0.14476797,0.070546225,0.12322592,0.12678382,0.120787024
ZJ016670,0.14772236,0.11879324,0.14734073,0.144774,0.07055461,0.1232287,0.126791,0.12079532
ZJ016671,0.14772019,0.11879304,0.14734358,0.14477609,0.07055328,0.12322272,0.12679426,0.120796844
ZJ016672,0.14771917,0.11880577,0.1473559,0.144772,0.070551865,0.12322951,0.12677933,0.12078641
ZJ016673,0.14772427,0.118807934,0.14736375,0.14477076,0.07054281,0.123228624,0.12677792,0.120783895
ZJ016674,0.14772113,0.118792355,0.14735013,0.14477327,0.07055403,0.123227626,0.12678906,0.12079241
ZJ016675,0.147722,0.11880058,0.14735064,0.14475755,0.07055919,0.123228356,0.12678735,0.12079436
ZJ016676,0.14771993,0.11879067,0.14735119,0.1447621,0.07056025,0.12322916,0.12679262,0.120794065
ZJ016677,0.14772482,0.11879093,0.14734805,0.14477143,0.070547454,0.1232285,0.12679486,0.12079396
ZJ016678,0.14772078,0.11879787,0.14734992,0.14476746,0.070556335,0.12322916,0.12678434,0.12079409
ZJ016679,0.14772415,0.11879721,0.14734808,0.14476977,0.07055053,0.12322528,0.12678589,0.12079905
ZJ016680,0.14772147,0.11879908,0.14735033,0.14476307,0.07055661,0.123226695,0.12679005,0.120792724
ZJ016681,0.14772037,0.11879822,0.14735407,0.14477228,0.0705544,0.12322347,0.12678339,0.12079383
ZJ016682,0.14772995,0.11880103,0.14735384,0.14475144,0.07055963,0.12322731,0.12678117,0.12079563
ZJ016683,0.147721,0.118798785,0.14735152,0.14477947,0.07055368,0.123222835,0.1267802,0.120792486
ZJ016684,0.14772289,0.11879378,0.14734644,0.14477187,0.07055137,0.123229235,0.12679085,0.12079361
ZJ016685,0.14772522,0.118793786,0.14735341,0.1447598,0.07055332,0.12323106,0.1267917,0.120791644
ZJ016686,0.1477215,0.11880212,0.14735556,0.14476076,0.07055251,0.12322936,0.12678774,0.120790385
ZJ016687,0.147722,0.11879911,0.1473492,0.14476512,0.07055374,0.12322949,0.12678733,0.120794006
ZJ016688,0.14772075,0.11880508,0.14735582,0.14477156,0.07054931,0.12322344,0.12678488,0.120789155
ZJ016689,0.14772704,0.11879587,0.14734681,0.14477094,0.070551895,0.1232267,0.12678388,0.120796844
ZJ016690,0.14772199,0.11879728,0.14735413,0.1447666,0.07055487,0.12322683,0.12678494,0.12079338
ZJ016691,0.14772248,0.118795924,0.14734991,0.14476533,0.07055557,0.12323275,0.12679064,0.120787404
ZJ016692,0.14772336,0.11879428,0.14735398,0.1447625,0.0705546,0.12322681,0.12679188,0.12079257
ZJ016693,0.14772306,0.11879675,0.14734943,0.14476822,0.07055244,0.12322733,0.12678824,0.12079452
ZJ016694,0.14772137,0.11880317,0.1473582,0.14476103,0.07055597,0.12322663,0.12678477,0.12078885
ZJ016695,0.14772302,0.11879295,0.14734825,0.1447691,0.07055262,0.123229824,0.12679118,0.12079306
ZJ016696,0.14772205,0.11879374,0.14735317,0.14476705,0.07054788,0.123229764,0.12679595,0.12079039
ZJ016697,0.14772011,0.11879947,0.14734745,0.14477591,0.07055076,0.12322456,0.12678684,0.12079491
ZJ016698,0.14772347,0.11879393,0.14735532,0.14477006,0.07054817,0.1232285,0.12678653,0.12079401
ZJ016699,0.1477223,0.11880777,0.14735125,0.14476812,0.07055179,0.12322437,0.12678392,0.120790504
ZJ016700,0.14772533,0.11879874,0.14735317,0.14477597,0.07054541,0.12322712,0.12678455,0.1207897
ZJ016701,0.14772423,0.11879887,0.14735107,0.14477348,0.070547305,0.12322391,0.12678759,0.120793514
ZJ016702,0.1477239,0.118793085,0.14735015,0.14475258,0.0705632,0.123231806,0.12679157,0.120793775
ZJ016703,0.14772785,0.11878714,0.1473421,0.14477015,0.070554465,0.12322827,0.12679356,0.12079652
ZJ016704,0.14772324,0.11879941,0.14735635,0.14476569,0.070547715,0.12323232,0.1267891,0.1207862
ZJ016705,0.14772065,0.11879878,0.14735185,0.14476132,0.07055652,0.12322847,0.12679213,0.12079029
ZJ016706,0.14772357,0.11879621,0.14735407,0.14477435,0.07055194,0.12322732,0.12677875,0.12079375
ZJ016707,0.14772543,0.118799224,0.14735208,0.1447584,0.07055353,0.123232774,0.126792,0.120786555
ZJ016708,0.14772192,0.118794486,0.14734378,0.1447685,0.07055916,0.12322376,0.12678911,0.1207993
ZJ016709,0.14772226,0.118792355,0.14734802,0.144771,0.0705552,0.12322668,0.12679179,0.12079269
ZJ016710,0.14772058,0.11880128,0.14734882,0.14477357,0.07055717,0.12322562,0.12678114,0.12079183
ZJ016711,0.14772335,0.11879896,0.1473543,0.14476578,0.070551105,0.1232265,0.12678991,0.12079007
ZJ016712,0.14772342,0.118794784,0.14735046,0.14476842,0.07055206,0.12322654,0.12679142,0.12079287
ZJ016713,0.14772548,0.1188022,0.14735802,0.14476605,0.07054484,0.12323047,0.12678728,0.12078573
ZJ016714,0.1477221,0.11879725,0.14735226,0.14477304,0.07054912,0.123227924,0.12678999,0.12078831
ZJ016715,0.1477283,0.118801594,0.14735574,0.1447656,0.07054713,0.12323001,0.12678029,0.12079135
ZJ016716,0.14772454,0.11879495,0.14735164,0.14474963,0.070561945,0.12323124,0.12679012,0.12079595
ZJ016717,0.14772233,0.11879706,0.14734656,0.14477265,0.07055591,0.12322138,0.12678595,0.120798096
ZJ016718,0.14772055,0.11880303,0.14735128,0.14476825,0.070551515,0.12323131,0.1267882,0.120785914
ZJ016719,0.14772199,0.11881185,0.14736368,0.14476822,0.070543356,0.12323094,0.1267795,0.12078045
ZJ016720,0.14772008,0.11879829,0.14735425,0.14476556,0.070553444,0.1232266,0.12679195,0.12078981
ZJ016721,0.14772582,0.11879203,0.14734724,0.14476831,0.070549466,0.12322701,0.1267968,0.12079328
ZJ016722,0.14772113,0.11880276,0.14735913,0.14476684,0.070548646,0.12323057,0.12678498,0.12078597
ZJ016723,0.14772047,0.11879838,0.14734937,0.14477058,0.070554204,0.123227075,0.12678626,0.1207936
ZJ016724,0.14772461,0.11879858,0.14735931,0.1447548,0.07055624,0.12323574,0.12678015,0.12079055
ZJ016725,0.14772189,0.11879847,0.14735672,0.14476879,0.07054821,0.12323177,0.12678601,0.12078813
ZJ016726,0.14772193,0.11880297,0.14735225,0.14476527,0.07055275,0.12322919,0.12678881,0.12078678
ZJ016727,0.14771989,0.118805036,0.14735942,0.14477305,0.07054878,0.123232044,0.12677999,0.1207818
ZJ016728,0.14772527,0.11879658,0.14734732,0.14476576,0.070555106,0.123226546,0.12678586,0.12079758
ZJ016729,0.14771761,0.118798696,0.14735192,0.14476603,0.07055879,0.1232291,0.12678432,0.12079352
ZJ016730,0.14772192,0.11879447,0.14735058,0.14476344,0.07055295,0.123232245,0.12679054,0.12079389
ZJ016731,0.14772539,0.11879227,0.14734635,0.14476873,0.07055103,0.12322914,0.12679057,0.12079651
ZJ016732,0.14772148,0.118804835,0.14736165,0.14476797,0.07054557,0.12323373,0.12677756,0.1207872
ZJ016733,0.14772175,0.11880401,0.14735155,0.14476731,0.070555635,0.12322472,0.1267843,0.120790735
ZJ016734,0.14771979,0.11879862,0.1473543,0.14476778,0.070554435,0.12322713,0.12678562,0.12079229
ZJ016735,0.14772147,0.11879712,0.14735173,0.1447661,0.0705565,0.123229064,0.12678859,0.12078942
ZJ016736,0.14772302,0.11879993,0.14735591,0.1447683,0.07054967,0.123227045,0.12678587,0.120790176
ZJ016737,0.14771923,0.118797086,0.14735311,0.14477102,0.07055058,0.123229496,0.12679136,0.12078806
ZJ016738,0.14772335,0.11879896,0.1473543,0.14476578,0.070551105,0.1232265,0.12678991,0.12079007
ZJ016739,0.14772299,0.11879719,0.14735366,0.14475496,0.07056102,0.123231,0.12678567,0.12079354
ZJ016740,0.14772038,0.11879468,0.147346,0.14476638,0.07055802,0.12323074,0.12678948,0.1207943
ZJ016741,0.14771847,0.11879859,0.14735228,0.1447643,0.07055739,0.12322639,0.12678999,0.12079262
ZJ016742,0.1477188,0.1188017,0.14735508,0.14476655,0.07055318,0.1232275,0.126788,0.12078918
ZJ016743,0.14772116,0.11879592,0.14735219,0.14477447,0.070553266,0.123224914,0.126785,0.120793104
ZJ016744,0.147718,0.11879249,0.14734638,0.14476644,0.07056391,0.123232216,0.12678514,0.12079545
ZJ016745,0.14772533,0.11879752,0.14735156,0.14477167,0.0705483,0.12322742,0.12678514,0.12079303
ZJ016746,0.14772029,0.11880095,0.14734852,0.14477226,0.07055531,0.123224676,0.12678629,0.12079172
ZJ016747,0.1477198,0.11879795,0.14734977,0.1447697,0.07055332,0.12322528,0.12679127,0.12079292
ZJ016748,0.14772144,0.118803635,0.14735071,0.1447717,0.07055414,0.12322694,0.12678564,0.12078584
ZJ016749,0.14772336,0.11879622,0.14734954,0.14476128,0.07055976,0.12323006,0.12678589,0.120793924
ZJ016750,0.14772302,0.11880121,0.14735107,0.14477064,0.070552446,0.12322513,0.12678768,0.120788835
ZJ016751,0.14772184,0.11880005,0.14734387,0.14477104,0.07055275,0.1232235,0.12679055,0.120796405
ZJ016752,0.14772078,0.11880049,0.14734805,0.14476882,0.07055637,0.12322787,0.12678772,0.12078986
ZJ016753,0.14771982,0.118801184,0.14735144,0.14477418,0.07055399,0.12322119,0.12678288,0.12079528
ZJ016754,0.14772351,0.11880139,0.1473569,0.14477192,0.07055501,0.12322647,0.12677518,0.12078969
ZJ016755,0.14772275,0.118793435,0.14734818,0.14476942,0.07055532,0.123229034,0.12679216,0.12078972
ZJ016756,0.1477243,0.11879996,0.14734866,0.14476766,0.0705532,0.12322411,0.12678432,0.1207978
ZJ016757,0.147721,0.11879692,0.1473508,0.14476551,0.07055385,0.123229645,0.12679379,0.12078852
ZJ016758,0.14771633,0.11879809,0.1473531,0.14476746,0.070558846,0.12323401,0.12678455,0.120787635
ZJ016759,0.14772357,0.118787676,0.14734516,0.14476915,0.070553586,0.12322746,0.12679552,0.120797865
ZJ016760,0.14772217,0.11879747,0.14734508,0.1447631,0.070555754,0.12322811,0.12679532,0.12079293
ZJ016761,0.14772671,0.118792236,0.14735341,0.14476855,0.07054886,0.12322784,0.12678805,0.12079431
ZJ016762,0.14772177,0.1187921,0.1473491,0.1447703,0.07055537,0.12322782,0.12678792,0.12079564
ZJ016763,0.14772056,0.11880176,0.14735626,0.14477038,0.07054958,0.12322786,0.12678657,0.12078703
ZJ016764,0.14772113,0.11880615,0.14735505,0.1447706,0.070547186,0.123228595,0.1267822,0.120789066
ZJ016765,0.14772595,0.11879354,0.14735007,0.1447688,0.07055334,0.12322748,0.12678713,0.12079369
ZJ016766,0.14772268,0.118788995,0.1473453,0.14477338,0.070554085,0.12322741,0.12679368,0.12079448
ZJ016767,0.14771836,0.11880298,0.14735112,0.14477359,0.07055277,0.123225905,0.12678446,0.120790854
ZJ016768,0.14771774,0.118801005,0.14735043,0.14477555,0.070552506,0.12322325,0.12678705,0.12079251
ZJ016769,0.14772205,0.1187922,0.14735238,0.14477243,0.07055373,0.12322369,0.12678593,0.1207976
ZJ016770,0.14772084,0.118799135,0.14735141,0.14476387,0.070553735,0.123226345,0.12679203,0.12079265
ZJ016771,0.14772533,0.118791275,0.14734888,0.14477068,0.070551895,0.123229496,0.12678751,0.120794915
ZJ016772,0.14772221,0.11879839,0.14735398,0.14477047,0.07055286,0.12322825,0.12678395,0.12078984
ZJ016773,0.14772044,0.11880093,0.1473501,0.14478222,0.070552476,0.12322087,0.12678246,0.12079046
ZJ016774,0.14772055,0.11879774,0.14735399,0.14475816,0.070557676,0.12323216,0.12678908,0.120790616
ZJ016775,0.14772639,0.11879826,0.14735427,0.14476177,0.07054923,0.1232314,0.12679015,0.12078854
ZJ016776,0.14772207,0.118800566,0.14734876,0.14477216,0.070551194,0.12322539,0.1267872,0.120792694
ZJ016777,0.14771897,0.11879345,0.14734948,0.14476134,0.07055982,0.12323137,0.12679316,0.120792456
ZJ016778,0.1477269,0.11879312,0.14734715,0.14476757,0.07055002,0.12322958,0.1267886,0.12079705
ZJ016779,0.14771944,0.118794605,0.14735089,0.14477019,0.07055694,0.12322538,0.1267872,0.12079539
ZJ016780,0.14772378,0.118792415,0.1473472,0.1447666,0.070553705,0.12323118,0.12679131,0.12079382
ZJ016781,0.14772175,0.118794195,0.14735095,0.14476559,0.0705574,0.123224236,0.12678674,0.12079914
ZJ016782,0.1477235,0.11880474,0.1473588,0.1447721,0.070548184,0.12322516,0.12677664,0.12079091
ZJ016783,0.14772594,0.11879595,0.14735402,0.14476635,0.07054831,0.123230584,0.12678938,0.12078949
ZJ016784,0.14772171,0.118797615,0.14735128,0.14476517,0.07055389,0.12322586,0.12679128,0.12079318
ZJ016785,0.14771761,0.11879699,0.14734976,0.14477962,0.070554666,0.12322613,0.12678798,0.12078718
ZJ016786,0.14772199,0.11880279,0.14735422,0.14475645,0.070554726,0.123228,0.12678993,0.12079189
ZJ016787,0.14772323,0.11880171,0.14735067,0.14477119,0.07054995,0.12322564,0.12678875,0.12078887
ZJ016788,0.14771949,0.118801005,0.14734995,0.1447739,0.07055522,0.123226024,0.12678358,0.12079086
ZJ016789,0.14772522,0.11879467,0.14735016,0.14477049,0.070549935,0.12322824,0.12678875,0.120792545
ZJ016790,0.14772457,0.11878674,0.14734565,0.14477183,0.07054974,0.12322759,0.12679853,0.12079535
ZJ016791,0.14771672,0.11879684,0.14735211,0.14477168,0.07055493,0.12323188,0.12678772,0.120788075
ZJ016792,0.14772278,0.11879528,0.14735137,0.14476909,0.070552304,0.12323074,0.12678629,0.12079216
ZJ016793,0.14772438,0.11879653,0.14734875,0.14476433,0.0705533,0.12322685,0.12679301,0.120792866
ZJ016794,0.14772269,0.11878974,0.14734745,0.14476258,0.070555404,0.12322889,0.12679332,0.12079998
ZJ016795,0.14772426,0.11879581,0.14735287,0.14477313,0.070547506,0.12322887,0.1267866,0.120790936
ZJ016796,0.14771971,0.11878968,0.1473432,0.1447669,0.070559606,0.12322869,0.12679467,0.12079756
ZJ016797,0.14772089,0.118797936,0.1473514,0.14476788,0.070552945,0.123226844,0.12679043,0.120791696
ZJ016798,0.14772251,0.118796,0.14735162,0.14477113,0.07055215,0.123227455,0.12678728,0.120791815
ZJ016799,0.14772096,0.118798435,0.14734766,0.144768,0.07055702,0.12322615,0.12678921,0.120792545
ZJ016800,0.14772704,0.11879561,0.14735024,0.1447693,0.07054589,0.12322806,0.12679079,0.12079305
ZJ016801,0.14772247,0.118803635,0.14735693,0.14477627,0.07054811,0.123223454,0.12678003,0.12078908
ZJ016802,0.14772327,0.11880197,0.14735913,0.14477144,0.07054472,0.123228684,0.1267826,0.12078814
ZJ016803,0.14772098,0.11880335,0.14734799,0.1447743,0.070554614,0.12322398,0.12678102,0.12079376
ZJ016804,0.14772089,0.118797846,0.14735495,0.14476569,0.07055127,0.123232834,0.12678775,0.12078873
ZJ016805,0.14772192,0.11879241,0.14734805,0.14476758,0.07055571,0.123226136,0.1267909,0.12079732
ZJ016806,0.14771967,0.11879151,0.14734462,0.14477424,0.070553534,0.12322668,0.12679434,0.12079539
ZJ016807,0.14772588,0.11879431,0.14735329,0.1447689,0.070546344,0.12323086,0.12678894,0.120791495
ZJ016808,0.14772171,0.11879224,0.14734922,0.14476785,0.07055226,0.12323021,0.12679307,0.12079345
ZJ016809,0.14772105,0.11879527,0.14734834,0.14476722,0.07055548,0.12322559,0.12678924,0.12079782
ZJ016810,0.14772253,0.11879916,0.14734788,0.14477128,0.07055479,0.1232258,0.12678574,0.120792836
ZJ016811,0.14771876,0.11879819,0.1473518,0.14477286,0.07055603,0.12322118,0.126785,0.12079617
ZJ016812,0.14772454,0.11879614,0.14735451,0.14476591,0.07054657,0.12323362,0.12678961,0.120789096
ZJ016813,0.14772227,0.118804246,0.14735533,0.14477554,0.07054711,0.12322532,0.12678503,0.120785095
ZJ016814,0.14772433,0.1188009,0.14734833,0.1447652,0.070551895,0.12322374,0.12678859,0.12079703
ZJ016815,0.14772178,0.1187949,0.14735645,0.14476094,0.07055618,0.1232292,0.12678729,0.12079334
ZJ016816,0.14772601,0.118797496,0.14735258,0.14477704,0.07054565,0.12322723,0.12678437,0.12078958
ZJ016817,0.14771934,0.11880092,0.14735316,0.14476737,0.070555374,0.123224266,0.12678778,0.120791785
ZJ016818,0.14772284,0.11879301,0.14734899,0.14476697,0.070550285,0.12323185,0.12679413,0.120791964
ZJ016819,0.14772074,0.11879946,0.14734985,0.14476658,0.07055326,0.123229146,0.12679,0.12079095
ZJ016820,0.14771974,0.11879303,0.14734252,0.14477628,0.07055323,0.12322615,0.12679563,0.120793425
ZJ016821,0.1477248,0.11879892,0.14734867,0.14476727,0.07054972,0.12322728,0.1267883,0.12079506
ZJ016822,0.14771397,0.11880859,0.14734834,0.14478031,0.070558175,0.12322051,0.12678038,0.120789655
ZJ016823,0.14772464,0.11879118,0.1473526,0.14475429,0.07056003,0.1232356,0.12678869,0.120793015
ZJ016824,0.14772137,0.11879449,0.14735103,0.1447733,0.0705521,0.12322674,0.12678571,0.120795265
ZJ016825,0.14772065,0.11879388,0.14734785,0.14477408,0.07055308,0.123226486,0.126786,0.12079793
ZJ016826,0.14772063,0.118793674,0.14734332,0.14477126,0.07055422,0.123226866,0.12679712,0.1207929
ZJ016827,0.14772019,0.11879759,0.14735411,0.14477323,0.07055081,0.1232289,0.12678671,0.120788455
ZJ016828,0.14772603,0.11879655,0.14735444,0.14476405,0.0705519,0.123228006,0.12678431,0.12079475
ZJ016829,0.14772464,0.11878589,0.1473434,0.14476721,0.07055436,0.12322717,0.1267988,0.120798565
ZJ016830,0.14772001,0.11879933,0.14735511,0.14476445,0.070551954,0.12323288,0.12679069,0.120785564
ZJ016831,0.14772578,0.11879603,0.14735259,0.14477068,0.07054462,0.12322749,0.12678955,0.12079324
ZJ016832,0.14772305,0.118797414,0.14735469,0.14477171,0.07054844,0.12322892,0.12678523,0.120790586
ZJ016833,0.14772223,0.11879957,0.14734803,0.14477213,0.07055103,0.12322291,0.12679304,0.120791055
ZJ016834,0.14771722,0.118801914,0.14735444,0.1447665,0.070556015,0.12322458,0.12678921,0.120790094
ZJ016835,0.1477231,0.11879927,0.14735328,0.14476748,0.07055019,0.123229705,0.12678313,0.1207939
ZJ016836,0.14772172,0.11879968,0.14735404,0.14475799,0.070556186,0.123224765,0.12678857,0.12079706
ZJ016837,0.14772202,0.1187997,0.14735469,0.14476642,0.07055116,0.12322586,0.12678756,0.12079259
ZJ016838,0.14772053,0.11879529,0.14735058,0.14476523,0.07055489,0.12322828,0.12679157,0.12079368
ZJ016839,0.14772716,0.118789256,0.1473537,0.14474341,0.070563056,0.12323212,0.12679307,0.12079824
ZJ016840,0.1477185,0.118799105,0.14735438,0.14477551,0.0705527,0.12322801,0.12678476,0.12078708
ZJ016841,0.14772554,0.1187985,0.1473505,0.14477494,0.07054847,0.12322512,0.12678403,0.120792866
ZJ016842,0.14771926,0.11880192,0.14734815,0.14477788,0.07055359,0.123223245,0.1267848,0.1207912
ZJ016843,0.1477201,0.11879691,0.1473441,0.14476645,0.0705614,0.1232264,0.12678657,0.120798096
ZJ016844,0.14772427,0.11880398,0.14735544,0.14475265,0.07055574,0.12322607,0.12678765,0.12079422
ZJ016845,0.14772564,0.11879371,0.14735077,0.14476492,0.070548266,0.12322913,0.1267945,0.120793074
ZJ016846,0.14772381,0.118796065,0.14734954,0.14477357,0.07055449,0.123222396,0.12678403,0.120796084
ZJ016847,0.14771979,0.118799545,0.14735246,0.14477362,0.07055304,0.12322324,0.12678494,0.12079338
ZJ016848,0.14772178,0.11880367,0.14734769,0.14477211,0.07055011,0.123228855,0.12678377,0.120792024
ZJ016849,0.14771865,0.11879766,0.14735067,0.14476714,0.07055723,0.12322913,0.12678683,0.120792665
ZJ016850,0.14772442,0.118792534,0.14734827,0.14476845,0.07055307,0.12322985,0.12678786,0.1207955
ZJ016851,0.14771906,0.11879374,0.14734982,0.14476617,0.07055381,0.123229675,0.12679398,0.120793775
ZJ016852,0.14772199,0.11879988,0.14735222,0.14476892,0.0705492,0.123226605,0.12678699,0.120794185
ZJ016853,0.14771965,0.11879339,0.14734845,0.14476715,0.07055684,0.123223916,0.1267942,0.12079636
ZJ016854,0.1477198,0.11880005,0.14735034,0.1447651,0.070556596,0.12322545,0.12678783,0.120794855
ZJ016855,0.1477224,0.11880723,0.14735383,0.14476149,0.07055078,0.12323082,0.12678693,0.12078651
ZJ016856,0.14772385,0.1188029,0.14735271,0.14476651,0.070552394,0.12322773,0.12678336,0.12079052
ZJ016857,0.1477222,0.118793435,0.1473546,0.14476898,0.07055137,0.123228244,0.12678914,0.12079205
ZJ016858,0.14772698,0.11879373,0.147348,0.14476386,0.07055439,0.12322695,0.12679137,0.1207947
ZJ016859,0.14772055,0.118796885,0.1473543,0.14475816,0.07055647,0.12322842,0.12678835,0.12079683
ZJ016860,0.14772034,0.11880345,0.14735948,0.14476366,0.07054942,0.12323206,0.12678534,0.12078623
ZJ016861,0.1477228,0.118799895,0.14735062,0.1447688,0.07055227,0.123228215,0.12678467,0.120792694
ZJ016862,0.14772706,0.11879511,0.1473512,0.1447667,0.07055098,0.123223744,0.12678975,0.120795436
ZJ016863,0.14772081,0.11879646,0.14734814,0.14477476,0.07054878,0.12322602,0.12679484,0.12079019
ZJ016864,0.14772347,0.118795015,0.14734851,0.144761,0.070557594,0.12322745,0.12679143,0.120795555
ZJ016865,0.1477184,0.11879692,0.1473503,0.14476492,0.07055946,0.12322718,0.1267871,0.120795764
ZJ016866,0.14771913,0.11879777,0.14734828,0.14477468,0.07055621,0.12322347,0.12678641,0.12079409
ZJ016867,0.14771922,0.11879461,0.1473509,0.144774,0.07055692,0.12322449,0.12678583,0.120793976
ZJ016868,0.1477218,0.118793,0.1473502,0.14477266,0.070554554,0.12322682,0.12678733,0.12079359
ZJ016869,0.14772454,0.118795805,0.14734642,0.14477256,0.07055338,0.12322411,0.12678745,0.120795764
ZJ016870,0.147725,0.118795864,0.14735232,0.14475521,0.07056151,0.12323045,0.12678613,0.12079348
ZJ016871,0.1477276,0.11879399,0.14735429,0.14476731,0.0705418,0.123233676,0.12679085,0.120790474
ZJ016872,0.14772102,0.11880185,0.14734954,0.14476459,0.070553556,0.12322938,0.12679029,0.1207898
ZJ016873,0.14771913,0.11879267,0.14735073,0.14477165,0.07055388,0.12322934,0.12678991,0.120792694
ZJ016874,0.147726,0.11878331,0.14735325,0.14476626,0.07054955,0.12323666,0.12679467,0.120790325
ZJ016875,0.14772438,0.11879232,0.14734314,0.14475693,0.07056391,0.12323229,0.12679458,0.12079248
ZJ016876,0.14772105,0.11880248,0.14735529,0.14476852,0.07055563,0.12322403,0.12677628,0.12079673
ZJ016877,0.14772506,0.11878787,0.14734611,0.14476752,0.07055369,0.12322877,0.12679127,0.120799676
ZJ016878,0.14772391,0.118790865,0.14734621,0.14477056,0.07055043,0.12323277,0.12679164,0.120793566
ZJ016879,0.14771913,0.11879859,0.14735073,0.14477506,0.07055519,0.12322505,0.126786,0.12079027
ZJ016880,0.1477208,0.11879775,0.14735094,0.1447697,0.070551,0.12322832,0.12678964,0.12079184
ZJ016881,0.1477221,0.11879318,0.14734977,0.14477527,0.07055232,0.123226956,0.12678783,0.120792635
ZJ016882,0.14772253,0.118806444,0.14736144,0.14476751,0.07054633,0.12322893,0.12678161,0.12078515
ZJ016883,0.14772621,0.11879629,0.14734994,0.14476651,0.07054641,0.12322891,0.12679516,0.12079055
ZJ016884,0.14772637,0.11878764,0.14734769,0.14475796,0.07055897,0.12322897,0.12679249,0.12079988
ZJ016885,0.1477213,0.11879557,0.14735247,0.144769,0.070554756,0.12322541,0.12678787,0.12079362
ZJ016886,0.14772084,0.11879837,0.14735237,0.14476897,0.070554726,0.12322326,0.12678452,0.120797016
ZJ016887,0.14772034,0.11880268,0.14735438,0.14477031,0.07055216,0.12322703,0.12678483,0.12078832
ZJ016888,0.1477206,0.11879676,0.14735328,0.14477655,0.070552446,0.123222984,0.1267837,0.120793656
ZJ016889,0.1477214,0.11880698,0.14734983,0.14476958,0.07055237,0.12322413,0.12678422,0.1207915
ZJ016890,0.14771965,0.11879613,0.14734599,0.14476995,0.07055617,0.12322863,0.12678939,0.12079407
ZJ016891,0.14772362,0.11879948,0.14735308,0.1447728,0.07054512,0.123228654,0.12678735,0.12078997
ZJ016892,0.14772251,0.11879729,0.14735432,0.14476982,0.070547104,0.123230636,0.1267897,0.12078867
ZJ016893,0.14772347,0.11880029,0.14735243,0.14477524,0.07055271,0.12322516,0.12677802,0.12079264
ZJ016894,0.14772023,0.11880614,0.14735726,0.14477006,0.070550255,0.123221435,0.12678482,0.120789826
ZJ016895,0.14771909,0.11880323,0.14735298,0.14477225,0.07055008,0.12322561,0.12678698,0.12078979
ZJ016896,0.1477195,0.11879783,0.14735265,0.14477076,0.070554376,0.12322776,0.12678583,0.12079132
ZJ016897,0.14772233,0.11879781,0.14735037,0.14476708,0.07055087,0.12322754,0.1267925,0.12079148
ZJ016898,0.14772478,0.118796095,0.14735031,0.14476278,0.070556045,0.123223506,0.12678541,0.12080106
