id,antelope_duiker,bird,blank,civet_genet,hog,leopard,monkey_prosimian,rodent
ZJ016488,0.14361966,0.10409949,0.13991188,0.14064166,0.06550046,0.136686,0.1479685,0.12157239
ZJ016489,0.14362049,0.10409877,0.139911,0.14064337,0.06549902,0.13668695,0.14796792,0.12157254
ZJ016490,0.14362308,0.10409579,0.13991295,0.14064465,0.06549316,0.1366882,0.14797074,0.12157145
ZJ016491,0.14361306,0.10410712,0.13990681,0.14063843,0.06551533,0.13668284,0.14796136,0.12157505
ZJ016492,0.14362136,0.10409793,0.13991016,0.14064507,0.065497555,0.13668786,0.14796719,0.12157288
ZJ016493,0.14362067,0.10409838,0.13991219,0.14064258,0.06549826,0.13668667,0.14796905,0.121572174
ZJ016494,0.14362994,0.10408819,0.13991639,0.14064945,0.06547831,0.13669208,0.14797659,0.12156908
ZJ016495,0.14359511,0.104127884,0.13989252,0.14063029,0.06555589,0.13667452,0.14794093,0.12158285
ZJ016496,0.14362799,0.10409001,0.13991766,0.14064617,0.06548185,0.13669017,0.14797714,0.121569
ZJ016497,0.1435956,0.104127295,0.13989305,0.1406304,0.065554716,0.1366747,0.14794162,0.121582575
ZJ016498,0.14361887,0.1041007,0.13990892,0.14064324,0.065502994,0.1366864,0.14796528,0.1215736
ZJ016499,0.14359102,0.10413253,0.13989018,0.1406276,0.06556486,0.13667229,0.14793731,0.12158417
ZJ016500,0.14362182,0.10409715,0.13991225,0.14064379,0.06549599,0.13668747,0.14796951,0.12157202
ZJ016501,0.1436218,0.10409719,0.13991255,0.14064352,0.065495886,0.13668738,0.14796999,0.12157172
ZJ016502,0.14362752,0.10409061,0.13991657,0.14064652,0.06548315,0.13669018,0.147976,0.121569455
ZJ016503,0.14362247,0.10409647,0.13991265,0.1406442,0.06549446,0.13668784,0.14797027,0.12157159
ZJ016504,0.14360736,0.10411371,0.13990259,0.14063567,0.06552801,0.13668017,0.14795505,0.12157743
ZJ016505,0.14360441,0.10411695,0.13990103,0.14063358,0.06553452,0.13667844,0.14795256,0.12157848
ZJ016506,0.14363359,0.10408361,0.13992117,0.14064954,0.06546948,0.1366931,0.14798251,0.121567
ZJ016507,0.14359756,0.10412507,0.13989422,0.14063163,0.06555042,0.13667576,0.14794336,0.121581934
ZJ016508,0.1436234,0.104095206,0.1399146,0.1406437,0.065491945,0.13668789,0.14797223,0.121570975
ZJ016509,0.14360797,0.104113,0.13990301,0.14063603,0.065526634,0.13668048,0.1479556,0.12157725
ZJ016510,0.14361945,0.10409983,0.13991109,0.14064212,0.065501064,0.13668615,0.1479676,0.12157267
ZJ016511,0.14360371,0.10411783,0.13989969,0.14063385,0.06553641,0.13667835,0.14795114,0.121579
ZJ016512,0.14364164,0.1040739,0.13992976,0.14065138,0.065450706,0.13669604,0.14799355,0.121563055
ZJ016513,0.14362195,0.10409699,0.13991283,0.14064354,0.0654954,0.13668744,0.14797007,0.12157172
ZJ016514,0.14361766,0.10410184,0.13990991,0.14064112,0.06550503,0.13668524,0.14796574,0.12157344
ZJ016515,0.1435955,0.10412731,0.13989384,0.14062965,0.06555464,0.13667439,0.14794229,0.12158233
ZJ016516,0.14363289,0.104084484,0.13992047,0.14064935,0.06547109,0.13669285,0.14798155,0.121567324
ZJ016517,0.14359964,0.10412253,0.13989697,0.14063169,0.06554535,0.13667637,0.14794675,0.1215807
ZJ016518,0.14362967,0.10408791,0.13991939,0.14064679,0.06547787,0.13669088,0.14797896,0.12156854
ZJ016519,0.14360388,0.10411776,0.13989961,0.14063418,0.06553601,0.13667856,0.1479511,0.121578895
ZJ016520,0.14362149,0.10409754,0.13991258,0.1406431,0.065496534,0.13668711,0.14796995,0.12157171
ZJ016521,0.14362444,0.10409458,0.1399107,0.14064787,0.06549132,0.13668983,0.1479692,0.12157203
ZJ016522,0.14360487,0.10411647,0.13990155,0.14063376,0.065533355,0.1366787,0.14795314,0.121578194
ZJ016523,0.14361204,0.1041084,0.13990541,0.14063855,0.06551773,0.13668263,0.14795953,0.12157569
ZJ016524,0.1436068,0.104114465,0.13990135,0.14063592,0.06552966,0.13668008,0.1479539,0.121577844
ZJ016525,0.14360838,0.10411269,0.13990226,0.14063697,0.06552619,0.13668095,0.14795531,0.121577285
ZJ016526,0.14361227,0.10410827,0.13990444,0.1406396,0.065517604,0.13668312,0.14795853,0.12157612
ZJ016527,0.14362855,0.10408949,0.13991699,0.14064728,0.06548102,0.13669077,0.14797683,0.12156912
ZJ016528,0.14360543,0.10411606,0.13990018,0.14063561,0.0655327,0.13667959,0.14795169,0.12157881
ZJ016529,0.14359544,0.10412754,0.13989265,0.14063053,0.06555519,0.13667473,0.14794122,0.12158269
ZJ016530,0.14359272,0.10413062,0.13989082,0.14062901,0.06556126,0.13667333,0.14793842,0.12158379
ZJ016531,0.14360811,0.10411282,0.1399033,0.14063586,0.065526344,0.13668042,0.14795604,0.12157709
ZJ016532,0.1436241,0.10409463,0.13991296,0.14064576,0.06549122,0.13668889,0.14797093,0.121571526
ZJ016533,0.14360131,0.10412066,0.13989791,0.14063282,0.065541655,0.13667731,0.14794825,0.12158007
ZJ016534,0.14361903,0.10410042,0.13991056,0.14064209,0.065502025,0.13668604,0.14796704,0.12157278
ZJ016535,0.1436703,0.10404149,0.13994841,0.14066827,0.06538687,0.13671106,0.14802165,0.12155195
ZJ016536,0.14360929,0.104111396,0.1399046,0.1406362,0.06552349,0.13668092,0.14795755,0.121576555
ZJ016537,0.14361657,0.10410323,0.13990837,0.1406411,0.06550774,0.13668491,0.14796408,0.12157399
ZJ016538,0.14362846,0.10408972,0.13991588,0.14064832,0.06548138,0.1366912,0.14797527,0.12156973
ZJ016539,0.1436175,0.104102224,0.13990864,0.14064194,0.06550576,0.13668554,0.14796466,0.12157373
ZJ016540,0.14360754,0.10411348,0.1399027,0.14063576,0.06552764,0.13668023,0.14795522,0.12157738
ZJ016541,0.14359443,0.10412858,0.13989267,0.14062932,0.06555725,0.13667394,0.147941,0.121582806
ZJ016542,0.14361511,0.10410476,0.1399084,0.14063947,0.06551065,0.13668385,0.14796351,0.121574245
ZJ016543,0.1436232,0.10409565,0.13991304,0.14064474,0.065492906,0.13668826,0.1479708,0.12157144
ZJ016544,0.14360856,0.10411231,0.13990374,0.14063607,0.06552524,0.13668066,0.14795652,0.12157689
ZJ016545,0.14359821,0.10412433,0.13989472,0.14063194,0.065548964,0.13667606,0.14794412,0.12158165
ZJ016546,0.1435972,0.10412533,0.13989525,0.14063029,0.06555087,0.1366751,0.14794451,0.12158147
ZJ016547,0.14359811,0.10412418,0.1398965,0.14063028,0.06554868,0.13667534,0.14794594,0.12158102
ZJ016548,0.14362076,0.104098305,0.13991246,0.14064254,0.06549796,0.1366867,0.1479692,0.12157211
ZJ016549,0.14363843,0.10407803,0.13992487,0.14065187,0.06545858,0.1366954,0.14798786,0.12156494
ZJ016550,0.14361583,0.10410427,0.13990657,0.14064178,0.065509826,0.136685,0.14796199,0.12157477
ZJ016551,0.14362364,0.104095064,0.13991344,0.14064477,0.06549202,0.13668835,0.14797142,0.1215713
ZJ016552,0.1436646,0.10404855,0.13994019,0.14066856,0.065401085,0.13670953,0.14801186,0.12155561
ZJ016553,0.1436776,0.10403369,0.13995066,0.14067438,0.0653715,0.13671562,0.14802712,0.12154943
ZJ016554,0.14360185,0.10412015,0.13989758,0.14063367,0.06554073,0.13667779,0.14794813,0.121580124
ZJ016555,0.1436258,0.104092605,0.1399157,0.14064543,0.0654868,0.13668929,0.14797439,0.12157001
ZJ016556,0.14360961,0.10411124,0.1399034,0.14063762,0.06552322,0.13668159,0.1479564,0.12157697
ZJ016557,0.14361882,0.104100645,0.13991024,0.14064212,0.0655026,0.13668598,0.1479666,0.12157302
ZJ016558,0.14361319,0.10410701,0.13990659,0.14063875,0.06551511,0.13668302,0.14796126,0.12157506
ZJ016559,0.14362109,0.104097955,0.13991228,0.14064294,0.06549741,0.13668694,0.14796937,0.12157201
ZJ016560,0.14357994,0.10414534,0.13988091,0.14062278,0.0655902,0.1366672,0.14792448,0.121589094
ZJ016561,0.14365599,0.10405774,0.13993903,0.14066003,0.06541865,0.13670367,0.14800733,0.12155758
ZJ016562,0.14363949,0.10407682,0.13992593,0.14065239,0.06545596,0.13669595,0.14798893,0.12156452
ZJ016563,0.14362757,0.10409102,0.13991341,0.14064954,0.06548387,0.13669147,0.14797214,0.121570945
ZJ016564,0.14361778,0.104101725,0.13991025,0.140641,0.06550462,0.13668524,0.14796606,0.12157328
ZJ016565,0.14360344,0.10411833,0.1398987,0.14063445,0.06553716,0.13667856,0.14795002,0.1215793
ZJ016566,0.14368019,0.104030624,0.13995057,0.1406772,0.06536672,0.1367173,0.14802763,0.121549755
ZJ016567,0.1436178,0.10410174,0.13990982,0.14064124,0.06550484,0.13668531,0.14796588,0.121573344
ZJ016568,0.14359625,0.104126684,0.13989258,0.14063142,0.065553695,0.13667528,0.1479415,0.12158262
ZJ016569,0.14363684,0.10407974,0.1399245,0.14065047,0.06546182,0.1366944,0.1479868,0.12156537
ZJ016570,0.14361607,0.10410379,0.13990846,0.14064059,0.06550865,0.1366846,0.14796378,0.1215741
ZJ016571,0.14359574,0.10412691,0.13989477,0.14062907,0.065553956,0.13667418,0.1479434,0.12158196
ZJ016572,0.14364654,0.104068734,0.1399306,0.14065638,0.06544038,0.13669953,0.14799578,0.12156205
ZJ016573,0.1436053,0.10411605,0.13990074,0.14063482,0.06553281,0.13667922,0.14795257,0.12157843
ZJ016574,0.14361213,0.10410818,0.1399063,0.14063784,0.0655173,0.13668238,0.14796051,0.121575356
ZJ016575,0.14360246,0.10411911,0.13990028,0.14063206,0.065538615,0.13667731,0.14795111,0.121579
ZJ016576,0.14361037,0.1041102,0.13990492,0.14063713,0.06552124,0.13668159,0.14795828,0.12157629
ZJ016577,0.14362098,0.104098246,0.1399112,0.1406437,0.06549796,0.13668722,0.14796843,0.12157226
ZJ016578,0.14362165,0.10409743,0.13991211,0.14064372,0.0654963,0.13668743,0.14796947,0.12157188
ZJ016579,0.14360875,0.1041121,0.13990276,0.14063695,0.06552532,0.136681,0.14795582,0.121577255
ZJ016580,0.1436055,0.104115926,0.13990024,0.14063556,0.06553254,0.13667957,0.14795202,0.121578656
ZJ016581,0.14360692,0.10411423,0.13990225,0.14063546,0.06552904,0.13667995,0.14795454,0.12157765
ZJ016582,0.14362484,0.10409372,0.13991386,0.14064603,0.06548929,0.13668923,0.14797173,0.12157125
ZJ016583,0.14362279,0.1040961,0.13991283,0.1406444,0.06549379,0.13668801,0.14797053,0.1215715
ZJ016584,0.14362425,0.10409443,0.13991381,0.14064518,0.06549063,0.13668871,0.14797206,0.121570975
ZJ016585,0.1436006,0.10412163,0.13989654,0.14063296,0.06554364,0.13667716,0.14794715,0.12158034
ZJ016586,0.14361887,0.104100674,0.1399095,0.14064272,0.065502785,0.1366862,0.14796601,0.12157322
ZJ016587,0.14362012,0.10409915,0.13991138,0.1406427,0.06549958,0.1366866,0.14796802,0.12157249
ZJ016588,0.14361987,0.10409937,0.13991117,0.14064251,0.065500215,0.13668641,0.14796785,0.12157259
ZJ016589,0.14361781,0.10410154,0.13991216,0.14063954,0.065503806,0.13668472,0.14796798,0.12157242
ZJ016590,0.14361861,0.104100846,0.13991022,0.14064191,0.065503016,0.13668583,0.14796652,0.12157307
ZJ016591,0.14361565,0.1041042,0.13990796,0.14064054,0.065509684,0.13668442,0.14796296,0.12157456
ZJ016592,0.14361553,0.1041047,0.13990596,0.14064197,0.065510586,0.136685,0.14796135,0.12157494
ZJ016593,0.14361015,0.104110345,0.13990548,0.14063634,0.06552152,0.1366812,0.1479589,0.121576026
ZJ016594,0.14362042,0.10409887,0.13991077,0.14064348,0.06549921,0.13668697,0.14796762,0.12157262
ZJ016595,0.14359921,0.10412318,0.13989559,0.14063224,0.06554675,0.13667646,0.14794554,0.12158107
ZJ016596,0.14359443,0.10412855,0.13989237,0.14062966,0.065557405,0.13667403,0.14794031,0.12158328
ZJ016597,0.14364617,0.10406907,0.13993144,0.14065528,0.06544081,0.13669899,0.1479966,0.121561654
ZJ016598,0.14362508,0.1040935,0.1399139,0.14064622,0.06548884,0.13668938,0.14797191,0.12157117
ZJ016599,0.14361651,0.10410322,0.13990891,0.14064069,0.065507576,0.13668476,0.14796439,0.12157387
ZJ016600,0.14361924,0.10410019,0.13991031,0.14064257,0.06550169,0.13668628,0.14796674,0.121572964
ZJ016601,0.14360923,0.104111545,0.13990393,0.14063658,0.06552392,0.13668102,0.1479571,0.1215767
ZJ016602,0.14362046,0.10409903,0.13990916,0.1406449,0.06549966,0.13668756,0.14796598,0.12157327
ZJ016603,0.14361508,0.10410482,0.13990843,0.14063947,0.06551067,0.13668385,0.14796345,0.12157425
ZJ016604,0.14361703,0.104102485,0.13991013,0.14064023,0.06550623,0.1366847,0.14796573,0.12157346
ZJ016605,0.14358434,0.10414015,0.13988546,0.14062409,0.06557978,0.136669,0.14793022,0.12158693
ZJ016606,0.14360961,0.10411111,0.13990407,0.14063697,0.06552304,0.1366813,0.14795722,0.121576674
ZJ016607,0.14360419,0.10411704,0.1399023,0.1406323,0.06553452,0.13667789,0.1479537,0.121578015
ZJ016608,0.14361154,0.10410873,0.13990666,0.14063692,0.0655184,0.13668181,0.14796051,0.12157545
ZJ016609,0.14359663,0.104126066,0.13989426,0.14063054,0.06555229,0.13667506,0.14794315,0.12158201
ZJ016610,0.14360537,0.10411607,0.13990055,0.14063512,0.0655327,0.13667938,0.14795232,0.12157851
ZJ016611,0.14358364,0.104140975,0.13988484,0.14062378,0.0655814,0.13666868,0.14792946,0.1215872
ZJ016612,0.1435994,0.1041227,0.13989732,0.1406311,0.06554573,0.13667604,0.14794709,0.12158057
ZJ016613,0.14361127,0.104109436,0.1399033,0.14063947,0.065519996,0.13668276,0.1479569,0.121576816
ZJ016614,0.14360748,0.104113385,0.13990349,0.14063497,0.06552761,0.13667986,0.14795606,0.121577166
ZJ016615,0.14360039,0.10412171,0.13989748,0.14063215,0.065543644,0.13667679,0.14794749,0.12158035
ZJ016616,0.14361748,0.104102105,0.1399092,0.1406416,0.06550557,0.13668537,0.14796473,0.12157391
ZJ016617,0.14360015,0.10412207,0.13989638,0.14063275,0.06554453,0.13667694,0.14794634,0.121580824
ZJ016618,0.14361732,0.104102634,0.13990727,0.14064291,0.065506555,0.13668588,0.14796317,0.12157425
ZJ016619,0.1436231,0.10409576,0.13991296,0.14064464,0.06549316,0.13668819,0.14797074,0.121571474
ZJ016620,0.14361605,0.10410376,0.13990863,0.14064033,0.06550869,0.13668446,0.14796403,0.12157404
ZJ016621,0.14363088,0.10408674,0.13991848,0.1406488,0.065475844,0.136692,0.14797859,0.12156868
ZJ016622,0.14359756,0.1041251,0.13989422,0.14063163,0.065550484,0.13667575,0.14794335,0.12158197
ZJ016623,0.1436157,0.1041041,0.13990867,0.14063992,0.06550938,0.1366842,0.147964,0.12157406
ZJ016624,0.14359783,0.10412466,0.13989554,0.14063089,0.065549396,0.13667555,0.14794473,0.1215814
ZJ016625,0.14362743,0.104090676,0.13991648,0.1406465,0.06548337,0.13669012,0.14797579,0.1215696
ZJ016626,0.14360055,0.10412132,0.13989869,0.14063123,0.065543026,0.13667643,0.1479489,0.12157989
ZJ016627,0.14359647,0.10412634,0.13989368,0.14063089,0.06555275,0.13667516,0.14794247,0.12158222
ZJ016628,0.14361094,0.104109734,0.13990435,0.14063819,0.06552024,0.1366822,0.14795814,0.12157615
ZJ016629,0.14360772,0.10411311,0.13990384,0.14063497,0.06552696,0.13667995,0.14795643,0.12157702
ZJ016630,0.14360136,0.10412099,0.13989599,0.14063434,0.06554218,0.13667798,0.14794683,0.12158032
ZJ016631,0.14360273,0.10411856,0.13990217,0.14063074,0.065537535,0.13667682,0.1479531,0.12157832
ZJ016632,0.14362536,0.1040931,0.13991506,0.14064547,0.06548793,0.13668917,0.14797348,0.12157047
ZJ016633,0.1436055,0.10411622,0.13989823,0.14063707,0.065533295,0.13668017,0.14795041,0.12157916
ZJ016634,0.14360486,0.104116544,0.139901,0.14063422,0.06553355,0.13667887,0.1479526,0.121578395
ZJ016635,0.14359911,0.10412322,0.13989624,0.14063177,0.06554658,0.13667628,0.14794585,0.12158094
ZJ016636,0.14362328,0.10409551,0.13991353,0.14064442,0.065492615,0.13668814,0.14797126,0.12157129
ZJ016637,0.14359638,0.10412634,0.13989408,0.1406304,0.06555287,0.13667493,0.14794292,0.12158211
ZJ016638,0.14361732,0.10410265,0.13990721,0.14064293,0.0655066,0.1366859,0.14796318,0.121574245
ZJ016639,0.14363284,0.10408429,0.1399211,0.14064887,0.065471,0.13669258,0.14798175,0.12156752
ZJ016640,0.14360812,0.10411282,0.13990328,0.14063603,0.06552622,0.13668054,0.14795583,0.121577166
ZJ016641,0.14362288,0.10409602,0.13991287,0.1406445,0.06549356,0.1366881,0.14797054,0.1215715
ZJ016642,0.14362164,0.104097396,0.13991225,0.14064364,0.06549628,0.13668737,0.14796948,0.12157195
ZJ016643,0.1436116,0.10410893,0.13990547,0.14063802,0.06551859,0.13668233,0.14795937,0.12157573
ZJ016644,0.1436048,0.10411656,0.13990125,0.14063388,0.06553359,0.13667871,0.14795288,0.121578276
ZJ016645,0.14361921,0.10410017,0.13991019,0.14064263,0.06550183,0.13668627,0.14796656,0.12157311
ZJ016646,0.14361662,0.10410308,0.13990942,0.14064033,0.06550727,0.13668466,0.14796504,0.12157362
ZJ016647,0.14363432,0.104082614,0.1399223,0.1406495,0.065467656,0.13669325,0.14798346,0.12156683
ZJ016648,0.14361061,0.10410997,0.13990465,0.14063767,0.06552084,0.13668187,0.14795801,0.121576406
ZJ016649,0.1436011,0.10412074,0.13989855,0.14063202,0.06554189,0.1366769,0.1479488,0.121579945
ZJ016650,0.14361522,0.10410476,0.13990764,0.14064018,0.06551066,0.13668418,0.14796293,0.12157439
ZJ016651,0.14361097,0.1041096,0.13990471,0.14063786,0.065520145,0.13668203,0.14795856,0.121576086
ZJ016652,0.14362979,0.10408813,0.1399178,0.14064808,0.06547812,0.13669148,0.14797801,0.12156855
ZJ016653,0.14359422,0.10412879,0.13989313,0.14062886,0.06555741,0.13667373,0.14794104,0.121582806
ZJ016654,0.14362165,0.1040974,0.13991214,0.1406437,0.06549627,0.13668741,0.14796953,0.12157186
ZJ016655,0.1436056,0.104115725,0.13990131,0.1406348,0.06553195,0.13667934,0.14795305,0.121578254
ZJ016656,0.1436112,0.104109384,0.139905,0.14063795,0.065519564,0.13668217,0.1479588,0.12157598
ZJ016657,0.14362241,0.104096524,0.13991262,0.14064413,0.06549465,0.13668779,0.1479702,0.121571675
ZJ016658,0.14361855,0.10410084,0.13991055,0.1406415,0.06550309,0.13668562,0.14796692,0.12157292
ZJ016659,0.14361459,0.10410547,0.13990708,0.14063995,0.06551216,0.1366839,0.14796212,0.12157475
ZJ016660,0.143621,0.10409817,0.13991173,0.14064327,0.06549773,0.13668706,0.14796895,0.121572055
ZJ016661,0.14361502,0.104104735,0.13990949,0.1406385,0.0655104,0.13668345,0.14796454,0.12157381
ZJ016662,0.1435986,0.10412376,0.13989617,0.14063126,0.06554762,0.13667592,0.14794557,0.1215811
ZJ016663,0.14359666,0.10412615,0.13989359,0.14063114,0.06555245,0.13667531,0.14794256,0.121582195
ZJ016664,0.14360312,0.10411866,0.13989893,0.14063393,0.06553771,0.13667828,0.14795002,0.12157932
ZJ016665,0.14363195,0.10408539,0.13992079,0.14064811,0.065472856,0.13669208,0.14798138,0.12156747
ZJ016666,0.14361137,0.10410939,0.13990314,0.1406396,0.06551985,0.13668285,0.1479572,0.12157654
ZJ016667,0.14362031,0.10409923,0.13990895,0.14064495,0.065500006,0.13668755,0.14796562,0.12157342
ZJ016668,0.14361848,0.10410106,0.13990964,0.14064215,0.06550351,0.13668588,0.14796607,0.12157318
ZJ016669,0.14358974,0.10413406,0.13988921,0.1406271,0.06556763,0.13667178,0.14793576,0.1215847
ZJ016670,0.14361684,0.10410303,0.13990837,0.14064135,0.065507196,0.13668512,0.14796442,0.12157371
ZJ016671,0.1436067,0.10411452,0.13990137,0.14063588,0.06552987,0.13668002,0.1479536,0.1215781
ZJ016672,0.14361112,0.10410951,0.13990432,0.14063837,0.06551999,0.13668229,0.1479582,0.12157621
ZJ016673,0.14359048,0.10413316,0.13988987,0.14062737,0.065566,0.13667206,0.14793658,0.12158449
ZJ016674,0.14361748,0.10410219,0.13990898,0.14064163,0.0655057,0.13668539,0.14796494,0.12157366
ZJ016675,0.14365248,0.104061745,0.13993596,0.14065862,0.06542673,0.13670209,0.14800306,0.12155932
ZJ016676,0.1436294,0.10408847,0.13991772,0.14064775,0.065478995,0.1366912,0.14797755,0.121568926
ZJ016677,0.14360528,0.1041159,0.139902,0.1406337,0.06553253,0.13667874,0.14795387,0.12157799
ZJ016678,0.14362536,0.104093164,0.13991475,0.14064571,0.06548802,0.13668928,0.14797328,0.12157048
ZJ016679,0.14361416,0.104105875,0.13990754,0.14063913,0.06551284,0.13668345,0.1479623,0.12157472
ZJ016680,0.143621,0.104098395,0.13990961,0.14064513,0.06549846,0.1366878,0.14796655,0.1215731
ZJ016681,0.14361936,0.104100056,0.13991036,0.1406426,0.06550149,0.13668631,0.147967,0.12157283
ZJ016682,0.1436428,0.10407323,0.13992678,0.14065532,0.0654491,0.13669805,0.14799094,0.12156375
ZJ016683,0.14361626,0.10410357,0.13990821,0.14064087,0.0655084,0.13668475,0.14796385,0.12157405
ZJ016684,0.14361632,0.10410337,0.13990895,0.14064033,0.06550813,0.13668452,0.14796445,0.12157397
ZJ016685,0.14362092,0.104098536,0.1399089,0.14064543,0.065499,0.13668784,0.14796625,0.121573165
ZJ016686,0.1436134,0.10410719,0.13990368,0.14064156,0.06551558,0.13668424,0.1479581,0.12157627
ZJ016687,0.14361322,0.10410719,0.13990495,0.1406401,0.065515675,0.13668355,0.1479597,0.12157565
ZJ016688,0.14360046,0.104121685,0.1398968,0.14063269,0.065543786,0.136677,0.14794703,0.121580526
ZJ016689,0.14362435,0.10409419,0.13991489,0.14064443,0.065490015,0.13668846,0.1479731,0.12157056
ZJ016690,0.1435988,0.10412346,0.13989682,0.14063083,0.065547146,0.13667578,0.14794646,0.121580765
ZJ016691,0.14360595,0.104115464,0.13990071,0.14063565,0.06553144,0.13667977,0.1479527,0.12157828
ZJ016692,0.14361912,0.104100324,0.13991022,0.14064242,0.06550203,0.13668618,0.14796673,0.12157298
ZJ016693,0.14360422,0.104117215,0.13990079,0.14063346,0.06553501,0.13667835,0.14795257,0.12157834
ZJ016694,0.14362112,0.10409826,0.13990965,0.14064519,0.065498166,0.13668786,0.14796671,0.121572986
ZJ016695,0.14361522,0.10410477,0.1399077,0.14064017,0.0655106,0.13668418,0.14796291,0.12157439
ZJ016696,0.14359675,0.10412605,0.13989368,0.14063114,0.06555224,0.13667534,0.14794268,0.121582136
ZJ016697,0.14361167,0.10410887,0.139905,0.14063843,0.06551862,0.13668248,0.14795908,0.12157581
ZJ016698,0.14359145,0.10413156,0.13989396,0.14062496,0.06556278,0.13667135,0.14794113,0.12158282
ZJ016699,0.14360972,0.10411112,0.13990317,0.14063779,0.06552318,0.13668166,0.14795648,0.12157693
ZJ016700,0.1435954,0.104127474,0.13989344,0.14062986,0.06555498,0.13667443,0.14794189,0.12158248
ZJ016701,0.1436076,0.1041134,0.13990268,0.14063586,0.06552749,0.1366803,0.14795518,0.12157741
ZJ016702,0.14371905,0.10398652,0.13997672,0.14069912,0.06528017,0.1367372,0.14806695,0.12153424
ZJ016703,0.14360848,0.10411273,0.13990118,0.14063783,0.06552639,0.13668132,0.14795469,0.121577404
ZJ016704,0.14359862,0.104123734,0.13989623,0.14063123,0.065547585,0.13667591,0.14794558,0.12158111
ZJ016705,0.14362115,0.10409817,0.13991004,0.14064495,0.06549802,0.13668777,0.14796697,0.12157298
ZJ016706,0.14360829,0.10411267,0.13990285,0.14063643,0.065526105,0.1366807,0.14795573,0.12157717
ZJ016707,0.14360438,0.10411726,0.13989988,0.14063479,0.06553472,0.13667902,0.147951,0.121578954
ZJ016708,0.14362311,0.10409568,0.13991347,0.1406443,0.06549292,0.13668805,0.14797114,0.12157133
ZJ016709,0.14361975,0.10409941,0.13991205,0.14064163,0.06550016,0.13668603,0.1479687,0.12157226
ZJ016710,0.14362589,0.1040925,0.13991575,0.14064547,0.06548661,0.13668934,0.14797446,0.12156998
ZJ016711,0.14359607,0.10412671,0.13989407,0.14063008,0.065553464,0.13667473,0.14794278,0.12158214
ZJ016712,0.1436102,0.104110464,0.13990434,0.14063737,0.06552183,0.13668163,0.14795776,0.12157644
ZJ016713,0.14359465,0.1041283,0.13989337,0.14062911,0.06555651,0.13667394,0.14794157,0.12158258
ZJ016714,0.14359416,0.10412846,0.1398957,0.14062658,0.06555678,0.13667275,0.14794368,0.121581905
ZJ016715,0.1436022,0.10411952,0.13989942,0.14063253,0.065539435,0.13667743,0.14795007,0.121579416
ZJ016716,0.1436805,0.10403009,0.13995217,0.14067613,0.06536561,0.13671696,0.14802954,0.12154899
ZJ016717,0.14362274,0.10409622,0.13991225,0.14064479,0.0654941,0.13668816,0.14797005,0.12157167
ZJ016718,0.14359444,0.1041286,0.13989252,0.14062935,0.06555734,0.13667396,0.14794108,0.12158271
ZJ016719,0.14360276,0.10411901,0.13989912,0.14063342,0.065538384,0.13667795,0.14794995,0.1215794
ZJ016720,0.14362203,0.10409717,0.13991073,0.1406453,0.065496035,0.13668814,0.14796811,0.12157247
ZJ016721,0.14360042,0.10412161,0.13989776,0.14063196,0.065543495,0.1366767,0.14794773,0.121580295
ZJ016722,0.14359537,0.10412755,0.13989352,0.14062978,0.065555036,0.13667443,0.1479419,0.12158245
ZJ016723,0.14361623,0.10410355,0.13990873,0.14064048,0.065508254,0.13668458,0.14796418,0.12157396
ZJ016724,0.1436382,0.104078256,0.13992494,0.1406516,0.06545902,0.13669524,0.1479877,0.12156507
ZJ016725,0.1435985,0.104123875,0.13989621,0.14063111,0.065547846,0.13667583,0.1479455,0.12158114
ZJ016726,0.1436051,0.10411636,0.13990062,0.14063482,0.065533176,0.13667919,0.14795218,0.12157855
ZJ016727,0.14359185,0.10413152,0.1398908,0.14062805,0.06556297,0.1366727,0.14793813,0.1215839
ZJ016728,0.14362147,0.10409758,0.139912,0.1406436,0.06549673,0.1366873,0.1479692,0.12157208
ZJ016729,0.1436256,0.104092695,0.139916,0.14064504,0.065487064,0.13668907,0.1479743,0.1215702
ZJ016730,0.14360704,0.10411381,0.13990396,0.14063409,0.065528296,0.13667938,0.14795636,0.12157705
ZJ016731,0.1436166,0.10410305,0.13990915,0.14064051,0.06550741,0.13668467,0.14796473,0.12157382
ZJ016732,0.14358649,0.10413761,0.1398878,0.14062451,0.06557476,0.13666977,0.14793341,0.12158569
ZJ016733,0.14362052,0.1040986,0.13991195,0.14064263,0.06549865,0.13668665,0.14796878,0.12157225
ZJ016734,0.14362045,0.10409908,0.139909,0.14064506,0.065499686,0.13668764,0.14796573,0.12157334
ZJ016735,0.1436054,0.10411614,0.13990015,0.14063549,0.06553273,0.13667956,0.14795206,0.12157848
ZJ016736,0.14360835,0.104112595,0.13990313,0.14063635,0.06552587,0.13668072,0.14795585,0.12157716
ZJ016737,0.14361136,0.10410938,0.13990326,0.14063951,0.065519884,0.1366828,0.14795716,0.12157664
ZJ016738,0.14359607,0.10412671,0.13989407,0.14063008,0.065553464,0.13667473,0.14794278,0.12158214
ZJ016739,0.1436521,0.10406217,0.13993585,0.14065826,0.06542755,0.13670184,0.14800285,0.121559374
ZJ016740,0.14362316,0.104095645,0.13991313,0.1406446,0.06549295,0.13668819,0.14797089,0.12157143
ZJ016741,0.1436172,0.10410276,0.13990721,0.1406428,0.06550684,0.13668579,0.14796309,0.1215743
ZJ016742,0.14361154,0.10410912,0.13990371,0.1406394,0.06551934,0.13668282,0.14795756,0.121576525
ZJ016743,0.14361627,0.10410358,0.13990808,0.14064099,0.06550844,0.13668479,0.14796372,0.121574104
ZJ016744,0.14362434,0.1040941,0.13991538,0.14064418,0.06548979,0.13668835,0.14797316,0.12157066
ZJ016745,0.14360826,0.10411266,0.13990334,0.14063612,0.06552595,0.1366806,0.14795595,0.12157711
ZJ016746,0.14362055,0.10409864,0.13991144,0.14064305,0.06549877,0.13668683,0.14796838,0.12157237
ZJ016747,0.14361452,0.10410555,0.13990708,0.14063999,0.06551225,0.1366839,0.14796178,0.12157495
ZJ016748,0.14361838,0.10410109,0.13991036,0.14064158,0.06550343,0.13668564,0.1479664,0.12157314
ZJ016749,0.1436446,0.10407131,0.13992721,0.14065686,0.06544538,0.13669918,0.14799243,0.12156299
ZJ016750,0.14361829,0.10410121,0.13991022,0.1406416,0.065503635,0.13668562,0.14796625,0.121573195
ZJ016751,0.14361028,0.1041103,0.13990499,0.14063686,0.06552143,0.13668144,0.14795858,0.121576086
ZJ016752,0.1436164,0.10410342,0.13990866,0.14064075,0.065507896,0.13668476,0.14796416,0.1215739
ZJ016753,0.14362212,0.10409682,0.13991278,0.14064376,0.06549513,0.13668758,0.14797011,0.12157172
ZJ016754,0.14360847,0.10411248,0.13990295,0.14063656,0.065525725,0.13668083,0.14795588,0.121577114
ZJ016755,0.14361486,0.10410531,0.1399061,0.14064103,0.06551196,0.13668439,0.14796135,0.12157502
ZJ016756,0.14359672,0.10412605,0.13989359,0.1406312,0.06555236,0.13667534,0.1479425,0.12158228
ZJ016757,0.14361608,0.104103774,0.13990843,0.14064057,0.06550867,0.13668458,0.14796385,0.12157407
ZJ016758,0.1436063,0.104115106,0.13990077,0.140636,0.06553067,0.13668002,0.14795303,0.12157808
ZJ016759,0.14361712,0.10410244,0.13990954,0.14064075,0.06550634,0.13668491,0.14796527,0.121573694
ZJ016760,0.14361185,0.104108766,0.13990496,0.14063878,0.06551811,0.13668273,0.14795904,0.12157571
ZJ016761,0.14360952,0.10411127,0.13990374,0.14063719,0.06552334,0.13668138,0.14795673,0.121576875
ZJ016762,0.14361626,0.10410333,0.1399102,0.14063932,0.065507755,0.13668412,0.14796552,0.12157355
ZJ016763,0.14359121,0.10413226,0.13989034,0.1406277,0.065564446,0.13667236,0.14793745,0.12158419
ZJ016764,0.14359821,0.10412433,0.13989475,0.14063193,0.06554897,0.13667606,0.1479441,0.121581666
ZJ016765,0.143622,0.10409702,0.13991219,0.14064404,0.06549562,0.13668765,0.14796959,0.1215719
ZJ016766,0.14361268,0.10410776,0.13990493,0.14063951,0.06551672,0.13668317,0.14795947,0.12157572
ZJ016767,0.1436162,0.1041035,0.13990922,0.14064007,0.06550813,0.13668442,0.1479646,0.12157383
ZJ016768,0.14359888,0.10412354,0.1398956,0.14063194,0.06554733,0.13667627,0.14794526,0.121581204
ZJ016769,0.14362061,0.104098655,0.13991109,0.14064337,0.06549876,0.13668698,0.14796814,0.12157239
ZJ016770,0.14362022,0.10409926,0.13990918,0.14064457,0.06550017,0.13668734,0.14796592,0.121573314
ZJ016771,0.1436137,0.10410622,0.13990867,0.14063774,0.06551334,0.13668278,0.14796314,0.12157443
ZJ016772,0.14359239,0.104130976,0.13989079,0.14062867,0.06556193,0.13667311,0.14793828,0.121583864
ZJ016773,0.14361505,0.10410494,0.13990745,0.14064014,0.065511115,0.1366841,0.14796267,0.12157453
ZJ016774,0.14363147,0.10408614,0.13991912,0.14064883,0.065474376,0.13669223,0.1479799,0.12156789
ZJ016775,0.14359649,0.10412627,0.13989432,0.14063056,0.06555234,0.13667509,0.14794274,0.12158212
ZJ016776,0.14360633,0.10411468,0.13990317,0.14063397,0.065529965,0.13667916,0.14795537,0.12157737
ZJ016777,0.14364013,0.10407643,0.1399238,0.14065488,0.06545537,0.13669714,0.14798696,0.121565245
ZJ016778,0.14361429,0.104105696,0.13990791,0.14063875,0.06551258,0.1366833,0.14796324,0.12157427
ZJ016779,0.14362423,0.10409443,0.13991395,0.1406451,0.065490514,0.1366887,0.14797217,0.121570885
ZJ016780,0.14361238,0.1041082,0.13990393,0.14064004,0.06551765,0.13668329,0.14795837,0.12157615
ZJ016781,0.143621,0.10409808,0.13991202,0.1406431,0.065497644,0.13668698,0.14796902,0.12157213
ZJ016782,0.14360198,0.104119964,0.13989791,0.14063342,0.06554042,0.13667771,0.14794882,0.1215798
ZJ016783,0.14360012,0.1041221,0.13989653,0.14063264,0.06554451,0.1366769,0.14794643,0.121580765
ZJ016784,0.1436117,0.104109034,0.13990329,0.14063989,0.06551915,0.13668308,0.14795731,0.12157654
ZJ016785,0.14361784,0.10410178,0.13990934,0.14064172,0.06550491,0.13668552,0.14796542,0.12157349
ZJ016786,0.14362052,0.10409864,0.13991204,0.14064263,0.06549853,0.13668668,0.1479688,0.12157219
ZJ016787,0.14359783,0.10412455,0.13989516,0.14063111,0.065549694,0.13667557,0.1479443,0.12158176
ZJ016788,0.14362004,0.1040991,0.13991216,0.14064193,0.06549952,0.13668624,0.14796884,0.12157223
ZJ016789,0.14360715,0.104113944,0.13990244,0.14063556,0.065528475,0.13668005,0.14795485,0.121577494
ZJ016790,0.14360507,0.10411621,0.13990174,0.14063385,0.0655329,0.13667877,0.14795326,0.1215782
ZJ016791,0.14360173,0.10412014,0.1398981,0.14063309,0.0655408,0.1366775,0.14794852,0.12158004
ZJ016792,0.14360842,0.10411246,0.1399034,0.14063609,0.065525696,0.13668062,0.1479564,0.12157691
ZJ016793,0.14361873,0.10410073,0.13990983,0.14064234,0.065502934,0.13668601,0.14796612,0.12157328
ZJ016794,0.14361243,0.10410791,0.13990627,0.14063819,0.06551674,0.1366826,0.14796065,0.12157525
ZJ016795,0.14360029,0.10412166,0.13989867,0.14063098,0.06554352,0.13667627,0.14794877,0.12157988
ZJ016796,0.14362511,0.104093336,0.13991518,0.14064519,0.06548832,0.13668899,0.1479733,0.12157058
ZJ016797,0.14361428,0.10410581,0.13990691,0.14063986,0.06551279,0.13668378,0.14796151,0.12157509
ZJ016798,0.14360674,0.10411448,0.1399016,0.14063573,0.06552971,0.13667998,0.14795393,0.1215779
ZJ016799,0.14361888,0.10410046,0.13991047,0.140642,0.06550242,0.13668592,0.1479667,0.121573105
ZJ016800,0.1436029,0.10411886,0.13989916,0.14063352,0.06553807,0.13667805,0.1479501,0.121579304
ZJ016801,0.14361426,0.10410591,0.13990659,0.14064002,0.06551292,0.13668385,0.14796154,0.12157491
ZJ016802,0.14359854,0.10412382,0.1398962,0.14063118,0.06554772,0.1366759,0.14794552,0.1215811
ZJ016803,0.14361906,0.104100384,0.13991027,0.14064234,0.06550214,0.13668613,0.14796674,0.12157297
ZJ016804,0.14360562,0.10411552,0.13990216,0.14063403,0.06553174,0.13667898,0.14795402,0.12157797
ZJ016805,0.14361657,0.10410318,0.13990863,0.14064087,0.065507665,0.13668482,0.14796439,0.12157389
ZJ016806,0.14361644,0.10410303,0.13991089,0.14063895,0.065507166,0.13668402,0.14796625,0.121573284
ZJ016807,0.14361283,0.104107514,0.13990617,0.1406389,0.065515816,0.13668303,0.1479604,0.12157535
ZJ016808,0.14360952,0.104111575,0.13990106,0.14063919,0.0655243,0.13668215,0.14795463,0.12157754
ZJ016809,0.14363366,0.10408337,0.13992178,0.1406492,0.06546916,0.13669297,0.14798273,0.121567115
ZJ016810,0.14361717,0.10410242,0.1399098,0.14064069,0.06550604,0.13668492,0.14796546,0.12157352
ZJ016811,0.14362289,0.10409598,0.13991313,0.14064427,0.065493494,0.136688,0.14797093,0.12157133
ZJ016812,0.14359863,0.104123704,0.13989632,0.14063117,0.06554752,0.1366759,0.14794567,0.12158106
ZJ016813,0.14359924,0.10412316,0.13989553,0.14063245,0.06554659,0.13667656,0.14794526,0.121581174
ZJ016814,0.14361931,0.1041,0.13991123,0.14064197,0.065501206,0.13668607,0.14796749,0.12157273
ZJ016815,0.14362766,0.10409039,0.13991657,0.14064673,0.06548291,0.13669027,0.14797579,0.12156967
ZJ016816,0.14360216,0.10411967,0.13989861,0.14063309,0.06553981,0.13667764,0.1479494,0.1215796
ZJ016817,0.14361513,0.104105,0.13990657,0.14064099,0.06551121,0.13668448,0.14796181,0.12157482
ZJ016818,0.14360422,0.10411708,0.13990179,0.14063287,0.06553456,0.13667813,0.14795299,0.121578336
ZJ016819,0.14361088,0.104110025,0.13990231,0.14063981,0.06552107,0.13668281,0.14795609,0.12157697
ZJ016820,0.1436001,0.10412218,0.13989602,0.14063291,0.06554476,0.13667698,0.14794628,0.12158074
ZJ016821,0.1436075,0.10411341,0.1399038,0.14063486,0.065527305,0.1366799,0.14795619,0.12157703
ZJ016822,0.14361534,0.10410464,0.13990772,0.14064026,0.06551042,0.13668424,0.14796305,0.12157434
ZJ016823,0.14364424,0.10407133,0.1399295,0.14065464,0.06544538,0.13669817,0.14799418,0.12156258
ZJ016824,0.14359401,0.10412874,0.1398943,0.14062738,0.06555769,0.13667299,0.14794256,0.121582344
ZJ016825,0.14360139,0.104120344,0.1398993,0.14063168,0.06554113,0.13667683,0.14794968,0.121579625
ZJ016826,0.14361186,0.10410851,0.13990588,0.14063798,0.06551792,0.13668235,0.14795983,0.121575646
ZJ016827,0.14358881,0.104134955,0.13988933,0.14062588,0.065569565,0.13667098,0.14793563,0.12158487
ZJ016828,0.14363004,0.104087435,0.13991985,0.14064674,0.06547705,0.13669094,0.14797968,0.121568285
ZJ016829,0.14361654,0.104102895,0.13991098,0.14063899,0.06550691,0.13668407,0.14796637,0.12157324
ZJ016830,0.14359066,0.104132995,0.13988955,0.14062761,0.06556589,0.13667217,0.14793688,0.12158429
ZJ016831,0.14359678,0.10412593,0.13989405,0.14063086,0.06555204,0.13667522,0.14794306,0.121582
ZJ016832,0.14361234,0.10410814,0.13990514,0.14063907,0.06551726,0.13668293,0.14795943,0.12157572
ZJ016833,0.14360055,0.10412158,0.13989699,0.14063266,0.06554352,0.13667703,0.14794724,0.121580414
ZJ016834,0.14362137,0.10409791,0.13991019,0.14064507,0.0654975,0.13668787,0.14796725,0.12157282
ZJ016835,0.14361377,0.104106314,0.13990715,0.14063899,0.06551373,0.13668327,0.14796183,0.12157487
ZJ016836,0.14363126,0.104086146,0.13992,0.14064802,0.06547451,0.13669182,0.14798018,0.121568054
ZJ016837,0.14360848,0.10411242,0.13990359,0.14063615,0.06552544,0.13668068,0.14795637,0.121576935
ZJ016838,0.14361054,0.10411003,0.13990492,0.14063728,0.06552092,0.13668169,0.14795841,0.12157619
ZJ016839,0.14371227,0.10399377,0.13997366,0.14069365,0.06529516,0.13673292,0.14806208,0.12153645
ZJ016840,0.14361551,0.1041045,0.1399073,0.14064081,0.06551019,0.13668452,0.14796264,0.12157451
ZJ016841,0.14360918,0.1041118,0.13990252,0.14063771,0.065524384,0.1366815,0.14795575,0.121577084
ZJ016842,0.14361879,0.10410056,0.13991088,0.14064154,0.06550245,0.13668573,0.14796725,0.1215728
ZJ016843,0.14362724,0.10409092,0.13991627,0.14064647,0.0654838,0.13669007,0.14797546,0.1215697
ZJ016844,0.14364482,0.104070574,0.1399294,0.14065531,0.06544437,0.13669853,0.14799419,0.12156277
ZJ016845,0.14359702,0.10412537,0.139896,0.14062947,0.06555098,0.13667472,0.14794505,0.12158137
ZJ016846,0.1436193,0.10410009,0.13991039,0.14064252,0.06550158,0.13668628,0.14796692,0.1215729
ZJ016847,0.14360836,0.10411264,0.13990264,0.14063665,0.06552609,0.13668081,0.14795563,0.1215772
ZJ016848,0.14361836,0.1041011,0.13991007,0.14064172,0.06550363,0.13668565,0.1479663,0.1215732
ZJ016849,0.14361696,0.10410279,0.13990882,0.14064117,0.065506816,0.13668507,0.14796464,0.12157377
ZJ016850,0.14362209,0.10409693,0.1399123,0.14064406,0.065495394,0.13668767,0.14796972,0.121571854
ZJ016851,0.14359635,0.10412632,0.13989414,0.14063013,0.06555303,0.13667478,0.14794323,0.121581994
ZJ016852,0.14360291,0.10411892,0.13989858,0.14063397,0.06553828,0.13667822,0.14794965,0.12157949
ZJ016853,0.14362524,0.10409333,0.13991387,0.1406464,0.06548854,0.13668948,0.14797203,0.121571094
ZJ016854,0.14361745,0.104102165,0.13990965,0.14064105,0.06550556,0.13668516,0.14796562,0.121573396
ZJ016855,0.14360361,0.10411834,0.13989675,0.14063624,0.06553758,0.13667928,0.14794798,0.12158022
ZJ016856,0.14360358,0.104118004,0.13989994,0.1406336,0.065536484,0.13667825,0.14795114,0.12157897
ZJ016857,0.14359765,0.10412435,0.13989884,0.14062786,0.06554875,0.13667426,0.147948,0.12158026
ZJ016858,0.14361243,0.104108,0.13990572,0.1406388,0.06551678,0.13668287,0.14795984,0.121575534
ZJ016859,0.1436326,0.104084566,0.13992116,0.14064857,0.06547141,0.13669242,0.14798175,0.121567465
ZJ016860,0.14357987,0.10414549,0.1398806,0.14062297,0.06559045,0.13666728,0.14792423,0.121589154
ZJ016861,0.14360803,0.104112916,0.13990325,0.1406359,0.065526485,0.13668044,0.1479559,0.12157715
ZJ016862,0.14360982,0.10411092,0.13990422,0.14063708,0.06552256,0.13668144,0.14795755,0.121576466
ZJ016863,0.14360295,0.104118794,0.1398992,0.14063357,0.06553793,0.13667808,0.14795016,0.12157929
ZJ016864,0.1436137,0.10410687,0.1399036,0.14064182,0.06551507,0.13668439,0.14795844,0.12157607
ZJ016865,0.14362554,0.104092956,0.1399149,0.14064582,0.065487586,0.13668936,0.14797348,0.121570386
ZJ016866,0.14362577,0.104092635,0.13991569,0.14064541,0.065486856,0.13668928,0.14797436,0.121570036
ZJ016867,0.14362565,0.10409284,0.13991508,0.14064573,0.06548729,0.13668936,0.14797384,0.12157018
ZJ016868,0.14363518,0.10408205,0.13992123,0.14065136,0.06546614,0.13669434,0.14798312,0.12156659
ZJ016869,0.14362071,0.104098536,0.13991131,0.14064339,0.06549838,0.13668706,0.14796828,0.12157232
ZJ016870,0.14366618,0.10404673,0.13994126,0.14066945,0.06539758,0.13671035,0.14801338,0.12155508
ZJ016871,0.14359917,0.10412317,0.13989627,0.14063178,0.06554645,0.1366763,0.14794591,0.121580906
ZJ016872,0.1436097,0.1041109,0.1399056,0.14063603,0.06552214,0.13668102,0.14795844,0.12157613
ZJ016873,0.14361453,0.10410574,0.13990594,0.14064094,0.06551253,0.13668431,0.14796083,0.12157517
ZJ016874,0.14360331,0.10411846,0.13989875,0.14063445,0.065537356,0.13667853,0.14794955,0.12157963
ZJ016875,0.14370996,0.1039965,0.13997144,0.14069323,0.06530038,0.13673213,0.1480583,0.12153808
ZJ016876,0.14362028,0.104099,0.13991126,0.14064287,0.065499365,0.1366867,0.1479682,0.12157237
ZJ016877,0.14359768,0.10412477,0.13989545,0.14063062,0.065549865,0.13667534,0.14794484,0.121581376
ZJ016878,0.14360254,0.104119174,0.13989924,0.14063299,0.06553883,0.1366777,0.14795016,0.12157934
ZJ016879,0.14362125,0.10409781,0.13991211,0.14064328,0.065497115,0.13668713,0.14796926,0.12157203
ZJ016880,0.14361677,0.1041031,0.13990842,0.14064145,0.065507166,0.13668518,0.14796397,0.121573925
ZJ016881,0.14360751,0.104113534,0.13990243,0.14063597,0.06552781,0.13668032,0.1479549,0.12157755
ZJ016882,0.14358644,0.1041378,0.13988657,0.14062554,0.065575205,0.13667017,0.14793201,0.12158626
ZJ016883,0.14360233,0.10411958,0.13989846,0.14063367,0.0655393,0.136678,0.14794886,0.1215798
ZJ016884,0.14365977,0.10405369,0.13993911,0.14066382,0.06541126,0.1367062,0.14800952,0.12155659
ZJ016885,0.14361422,0.104106076,0.13990562,0.14064083,0.065513305,0.13668416,0.14796041,0.12157536
ZJ016886,0.14362039,0.104098864,0.13991126,0.140643,0.065499105,0.13668677,0.14796823,0.121572345
ZJ016887,0.14361386,0.104106456,0.13990574,0.14064032,0.06551399,0.13668385,0.14796041,0.12157536
ZJ016888,0.14361201,0.1041083,0.13990627,0.14063795,0.06551745,0.13668239,0.14795998,0.121575646
ZJ016889,0.14361142,0.104109116,0.13990514,0.14063807,0.065519094,0.13668227,0.147959,0.12157593
ZJ016890,0.14360254,0.1041192,0.13989922,0.140633,0.06553885,0.13667771,0.14795016,0.12157934
ZJ016891,0.14360154,0.10412043,0.13989782,0.14063303,0.06554127,0.13667744,0.14794846,0.12157994
ZJ016892,0.14360093,0.10412108,0.1398977,0.14063248,0.065542586,0.13667704,0.14794804,0.12158016
ZJ016893,0.14362045,0.10409884,0.13991107,0.14064324,0.06549907,0.13668689,0.14796804,0.12157243
ZJ016894,0.14360334,0.10411847,0.13989852,0.14063457,0.065537415,0.13667859,0.14794959,0.12157953
ZJ016895,0.14360264,0.10411913,0.13989869,0.14063355,0.06553883,0.13667795,0.14794968,0.12157953
ZJ016896,0.14360787,0.10411305,0.13990313,0.14063577,0.06552685,0.13668032,0.14795573,0.121577255
ZJ016897,0.14361335,0.10410684,0.13990639,0.14063926,0.0655148,0.13668327,0.14796068,0.12157542
ZJ016898,0.14360811,0.10411273,0.13990347,0.14063576,0.06552626,0.13668038,0.14795612,0.121577114
ZJ016899,0.1436246,0.10409352,0.13991643,0.14064324,0.06548928,0.13668793,0.14797476,0.12157025
ZJ016900,0.14359254,0.10413046,0.13989301,0.14062686,0.06556102,0.13667238,0.14794062,0.12158308
